10;0;0;0.00617310;22;5;0.00909610;58;25;0.0136210;20;20;0.00444
10;20;20;0.0043910;22;5;0.00510710;58;25;0.00936110;20;20;0.002853
10;20;20;0.00424210;22;5;0.00490110;58;25;0.01178710;20;20;0.00278
10;20;20;0.00410610;22;5;0.00496610;58;25;0.01167610;20;20;0.002772
10;20;20;0.00422110;22;5;0.00489610;58;25;0.00954410;20;20;0.002821
110;20;20;0.221632110;812;331;0.103958110;1308;771;0.179808110;2963;2963;0.204976
110;2963;2963;0.135576110;812;331;0.099171110;1308;771;0.039336110;2963;2963;0.217246
110;2963;2963;0.194588110;812;331;0.084695110;1308;771;0.029509110;2963;2963;0.217093
110;2963;2963;0.184919110;812;331;0.074011110;1308;771;0.022777110;2963;2963;0.143617
110;2963;2963;0.171012110;812;331;0.016227110;1308;771;0.021188110;2963;2963;0.142726
210;2963;2963;0.469259210;1904;815;0.023471210;2920;1753;0.057863210;10656;10656;0.568936
210;10656;10656;0.518323210;1904;815;0.016501210;2920;1753;0.05352210;10656;10656;0.502933
210;10656;10656;0.126277210;1904;815;0.016165210;2920;1753;0.04012210;10656;10656;0.568554
210;10656;10656;0.141528210;1904;815;0.020174210;2920;1753;0.057914210;10656;10656;0.71033
210;10656;10656;0.086210;1904;815;0.017599210;2920;1753;0.043348210;10656;10656;0.620694
310;10656;10656;0.163011310;2500;1048;0.025149310;4592;2846;0.062195310;23223;23223;0.091325
310;23223;23223;0.169864310;2500;1048;0.023018310;4592;2846;0.061643310;23223;23223;0.097996
310;23223;23223;0.16876310;2500;1048;0.027523310;4592;2846;0.048276310;23223;23223;0.092121
310;23223;23223;0.164835310;2500;1048;0.022781310;4592;2846;0.04357310;23223;23223;0.091394
310;23223;23223;0.161291310;2500;1048;0.021677310;4592;2846;0.041255310;23223;23223;0.091679
410;23223;23223;0.277032410;3774;1619;0.033701410;6416;3982;0.058739410;41519;41519;0.158573
410;41519;41519;0.308015410;3774;1619;0.048279410;6416;3982;0.06856410;41519;41519;0.164419
410;41519;41519;0.285973410;3774;1619;0.034727410;6416;3982;0.058283410;41519;41519;0.158788
410;41519;41519;0.277243410;3774;1619;0.031116410;6416;3982;0.05781410;41519;41519;0.158683
410;41519;41519;0.314318410;3774;1619;0.032716410;6416;3982;0.057884410;41519;41519;0.187651
510;41519;41519;0.269638510;5300;2304;0.054307510;8206;5173;0.099461510;63747;63747;0.395606
510;63747;63747;0.203393510;5300;2304;0.04522510;8206;5173;0.07491510;63747;63747;0.303817
510;63747;63747;0.244349510;5300;2304;0.068901510;8206;5173;0.099352510;63747;63747;0.244204
510;63747;63747;0.241429510;5300;2304;0.060628510;8206;5173;0.074855510;63747;63747;0.405953
510;63747;63747;0.204685510;5300;2304;0.043663510;8206;5173;0.092803510;63747;63747;0.239555
610;63747;63747;0.258789610;7136;3156;0.056444610;10222;6487;0.089108610;93540;93540;0.391887
610;93540;93540;0.309886610;7136;3156;0.044422610;10222;6487;0.089914610;93540;93540;0.348102
610;93540;93540;0.26056610;7136;3156;0.031119610;10222;6487;0.100119610;93540;93540;0.426083
610;93540;93540;0.279906610;7136;3156;0.032959610;10222;6487;0.133588610;93540;93540;0.370723
610;93540;93540;0.267185610;7136;3156;0.03259610;10222;6487;0.088219610;93540;93540;0.347239
710;93540;93540;0.326121710;9168;4111;0.035961710;12282;7788;0.106877710;127535;127535;0.468877
710;127535;127535;0.185969710;9168;4111;0.033705710;12282;7788;0.10398710;127535;127535;0.469022
710;127535;127535;0.184056710;9168;4111;0.034331710;12282;7788;0.108472710;127535;127535;0.48354
710;127535;127535;0.185548710;9168;4111;0.032765710;12282;7788;0.103934710;127535;127535;0.46905
710;127535;127535;0.188118710;9168;4111;0.033508710;12282;7788;0.103365710;127535;127535;0.468701
810;127535;127535;0.233634810;9622;4269;0.039979810;14276;9077;0.119228810;160545;160545;0.70836
810;160545;160545;0.233238810;9622;4269;0.041859810;14276;9077;0.12068810;160545;160545;0.262305
810;160545;160545;0.233825810;9622;4269;0.040945810;14276;9077;0.118747810;160545;160545;0.261765
810;160545;160545;0.233354810;9622;4269;0.041027810;14276;9077;0.118861810;160545;160545;0.26812
810;160545;160545;0.233024810;9622;4269;0.039387810;14276;9077;0.118786810;160545;160545;0.270572
910;160545;160545;0.2894910;12858;5807;0.04805910;16242;10420;0.13575910;206466;206466;0.315324
910;206466;206466;0.336805910;12858;5807;0.047559910;16242;10420;0.135444910;206466;206466;0.31358
910;206466;206466;0.289337910;12858;5807;0.048046910;16242;10420;0.137894910;206466;206466;0.311115
910;206466;206466;0.28883910;12858;5807;0.04718910;16242;10420;0.135475910;206466;206466;0.352488
910;206466;206466;0.340768910;12858;5807;0.048922910;16242;10420;0.191488910;206466;206466;0.525405
1010;206466;206466;0.3798781010;13298;5964;0.0530531010;18300;11749;0.1528251010;257079;257079;0.37269
1010;257079;257079;0.3849481010;13298;5964;0.0522441010;18300;11749;0.1522211010;257079;257079;0.370251
1010;257079;257079;0.3475371010;13298;5964;0.0531781010;18300;11749;0.1531351010;257079;257079;0.366629
1010;257079;257079;0.401571010;13298;5964;0.0836431010;18300;11749;0.1517841010;257079;257079;0.370622
1010;257079;257079;0.3576211010;13298;5964;0.0536341010;18300;11749;0.1514241010;257079;257079;0.365548
1110;257079;257079;0.4159441110;12656;5579;0.0567421110;20490;13188;0.168381110;315735;315735;0.487693
1110;315735;315735;0.4161861110;12656;5579;0.0569991110;20490;13188;0.1700381110;315735;315735;0.436708
1110;315735;315735;0.4567471110;12656;5579;0.0798841110;20490;13188;0.1659331110;315735;315735;0.432019
1110;315735;315735;0.4145591110;12656;5579;0.0654491110;20490;13188;0.1671831110;315735;315735;0.606624
1110;315735;315735;0.5268041110;12656;5579;0.0665061110;20490;13188;0.1654611110;315735;315735;0.434469
1210;315735;315735;0.4874251210;19974;9162;0.0776871210;22690;14553;0.1814261210;353665;353665;0.465786
1210;353665;353665;0.4913421210;19974;9162;0.0775291210;22690;14553;0.187731210;353665;353665;0.603145
1210;353665;353665;0.8480831210;19974;9162;0.082021210;22690;14553;0.1851281210;353665;353665;0.443012
1210;353665;353665;0.7373351210;19974;9162;0.1192751210;22690;14553;0.2843811210;353665;353665;0.651303
1210;353665;353665;0.8727331210;19974;9162;0.1112021210;22690;14553;0.2598721210;353665;353665;0.624959
1310;353665;353665;0.5642831310;17916;8059;0.08361310;24850;15999;0.199031310;435919;435919;0.465564
1310;435919;435919;0.5612671310;17916;8059;0.0827731310;24850;15999;0.1972691310;435919;435919;0.46574
1310;435919;435919;0.6123821310;17916;8059;0.1037131310;24850;15999;0.212181310;435919;435919;0.473314
1310;435919;435919;0.5447391310;17916;8059;0.0805881310;24850;15999;0.2156751310;435919;435919;0.467254
1310;435919;435919;0.5655351310;17916;8059;0.0847351310;24850;15999;0.1295331310;435919;435919;0.466302
1410;435919;435919;0.7793791410;26080;12065;0.0908961410;27166;17565;0.1191971410;479100;479100;0.502046
1410;479100;479100;0.7368921410;26080;12065;0.125521410;27166;17565;0.1429911410;479100;479100;0.624965
1410;479100;479100;0.7846511410;26080;12065;0.114681410;27166;17565;0.1703471410;479100;479100;0.568089
1410;479100;479100;0.6434941410;26080;12065;0.1932591410;27166;17565;0.181281410;479100;479100;0.544222
1410;479100;479100;0.6476141410;26080;12065;0.0903171410;27166;17565;0.1154581410;479100;479100;0.548606
1510;479100;479100;0.7056551510;21278;9601;0.1364521510;29244;18893;0.125321510;580942;580942;0.654695
1510;580942;580942;0.8411431510;21278;9601;0.0933321510;29244;18893;0.1314511510;580942;580942;0.627005
1510;580942;580942;0.981541510;21278;9601;0.1119321510;29244;18893;0.1796061510;580942;580942;0.702708
1510;580942;580942;0.78791510;21278;9601;0.0951481510;29244;18893;0.133991510;580942;580942;0.619134
1510;580942;580942;0.7392191510;21278;9601;0.094551510;29244;18893;0.1311141510;580942;580942;0.625985
1610;580942;580942;0.8423951610;24270;11030;0.1131331610;31646;20495;0.1575661610;637431;637431;0.719676
1610;637431;637431;0.9143831610;24270;11030;0.111161610;31646;20495;0.1409811610;637431;637431;0.678107
1610;637431;637431;0.8252411610;24270;11030;0.1050551610;31646;20495;0.1445381610;637431;637431;0.72451
1610;637431;637431;0.896021610;24270;11030;0.1136411610;31646;20495;0.1577831610;637431;637431;0.677666
1610;637431;637431;0.8244071610;24270;11030;0.1048821610;31646;20495;0.1403751610;637431;637431;0.679206
1710;637431;637431;0.9213171710;28856;13262;0.1123051710;33738;21901;0.1708891710;727252;727252;0.837526
1710;727252;727252;1.0846561710;28856;13262;0.1138871710;33738;21901;0.1504691710;727252;727252;0.787243
1710;727252;727252;1.1873831710;28856;13262;0.113831710;33738;21901;0.1543311710;727252;727252;0.783086
1710;727252;727252;0.9882261710;28856;13262;0.1523751710;33738;21901;0.2086571710;727252;727252;0.782387
1710;727252;727252;0.8936991710;28856;13262;0.108681710;33738;21901;0.1454381710;727252;727252;0.764276
1810;727252;727252;1.0226251810;24526;11011;0.1125171810;36012;23357;0.1658931810;827807;827807;0.940821
1810;827807;827807;1.0600451810;24526;11011;0.1116161810;36012;23357;0.157371810;827807;827807;0.906983
1810;827807;827807;1.0681881810;24526;11011;0.1120291810;36012;23357;0.2091741810;827807;827807;0.902361
1810;827807;827807;0.9983671810;24526;11011;0.1132881810;36012;23357;0.183831810;827807;827807;0.854273
1810;827807;827807;1.0221281810;24526;11011;0.1113061810;36012;23357;0.1885191810;827807;827807;0.854327
1910;827807;827807;1.1005751910;24000;10692;0.1174621910;38216;24900;0.2131021910;915376;915376;0.944409
1910;915376;915376;1.1553021910;24000;10692;0.1178681910;38216;24900;0.1984021910;915376;915376;0.975405
1910;915376;915376;1.1427221910;24000;10692;0.1165221910;38216;24900;0.1863931910;915376;915376;0.943305
1910;915376;915376;1.18841910;24000;10692;0.1282751910;38216;24900;0.2027231910;915376;915376;0.984381
1910;915376;915376;1.1252641910;24000;10692;0.1164281910;38216;24900;0.1833871910;915376;915376;0.990781
2010;915376;915376;1.2211782010;29668;13445;0.1255842010;40586;26534;0.1688682010;1013850;1013850;1.065631
2010;1013850;1013850;1.4885572010;29668;13445;0.1251312010;40586;26534;0.1649322010;1013850;1013850;1.044976
2010;1013850;1013850;1.2148532010;29668;13445;0.12422010;40586;26534;0.1630292010;1013850;1013850;1.045171
2010;1013850;1013850;1.2174342010;29668;13445;0.1249682010;40586;26534;0.1624562010;1013850;1013850;1.072625
2010;1013850;1013850;1.2143272010;29668;13445;0.1242472010;40586;26534;0.1623732010;1013850;1013850;1.119623
2110;1013850;1013850;1.4035862110;32904;14967;0.1337132110;42796;28039;0.1706022110;1112011;1112011;1.145982
2110;1112011;1112011;1.3617032110;32904;14967;0.1294172110;42796;28039;0.1662052110;1112011;1112011;1.502942
2110;1112011;1112011;1.4820212110;32904;14967;0.1758222110;42796;28039;0.2269352110;1112011;1112011;1.185832
2110;1112011;1112011;1.298572110;32904;14967;0.1293542110;42796;28039;0.1659082110;1112011;1112011;1.111781
2110;1112011;1112011;1.2975692110;32904;14967;0.1292110;42796;28039;0.1663782110;1112011;1112011;1.111911
2210;1112011;1112011;1.4158862210;32298;14597;0.1374892210;45212;29574;0.1767592210;1219988;1219988;1.355425
2210;1219988;1219988;1.4735212210;32298;14597;0.1375872210;45212;29574;0.1766012210;1219988;1219988;1.220018
2210;1219988;1219988;1.4207832210;32298;14597;0.1384052210;45212;29574;0.1762892210;1219988;1219988;1.240542
2210;1219988;1219988;1.512022210;32298;14597;0.1468422210;45212;29574;0.1889792210;1219988;1219988;1.241872
2210;1219988;1219988;1.4203892210;32298;14597;0.1722742210;45212;29574;0.1959082210;1219988;1219988;1.243428
2310;1219988;1219988;1.5384172310;32248;14502;0.1418112310;47706;31208;0.1850652310;1308066;1308066;1.32771
2310;1308066;1308066;1.653222310;32248;14502;0.1589222310;47706;31208;0.2082212310;1308066;1308066;1.320822
2310;1308066;1308066;1.5384632310;32248;14502;0.1401552310;47706;31208;0.1889332310;1308066;1308066;1.306588
2310;1308066;1308066;1.6099242310;32248;14502;0.1409342310;47706;31208;0.1851092310;1308066;1308066;1.374283
2310;1308066;1308066;1.543222310;32248;14502;0.1416422310;47706;31208;0.1844622310;1308066;1308066;1.309482
2410;1308066;1308066;1.6695212410;31998;14300;0.1476722410;49900;32528;0.1928062410;1454712;1454712;1.453719
2410;1454712;1454712;1.8017432410;31998;14300;0.1674972410;49900;32528;0.2172032410;1454712;1454712;1.579019
2410;1454712;1454712;1.6695582410;31998;14300;0.1471782410;49900;32528;0.1917992410;1454712;1454712;1.453936
2410;1454712;1454712;1.6695052410;31998;14300;0.1476442410;49900;32528;0.2262012410;1454712;1454712;1.453392
2410;1454712;1454712;1.675042410;31998;14300;0.1481842410;49900;32528;0.2073382410;1454712;1454712;1.462791
2510;1454712;1454712;1.7989662510;43060;19762;0.1598692510;52300;34237;0.2010542510;1566275;1566275;1.583988
2510;1566275;1566275;1.9801232510;43060;19762;0.1757342510;52300;34237;0.2005822510;1566275;1566275;1.566257
2510;1566275;1566275;1.8228892510;43060;19762;0.1589222510;52300;34237;0.2010972510;1566275;1566275;1.565441
2510;1566275;1566275;1.7997982510;43060;19762;0.1590762510;52300;34237;0.2000182510;1566275;1566275;1.626718
2510;1566275;1566275;1.8035032510;43060;19762;0.1809172510;52300;34237;0.200232510;1566275;1566275;1.651197
2610;1566275;1566275;1.9411162610;42878;19565;0.1645672610;54642;35725;0.2089242610;1726789;1726789;1.91491
2610;1726789;1726789;1.9460142610;42878;19565;0.1649172610;54642;35725;0.2085462610;1726789;1726789;1.725621
2610;1726789;1726789;1.9462032610;42878;19565;0.164462610;54642;35725;0.2084642610;1726789;1726789;1.769612
2610;1726789;1726789;1.9407282610;42878;19565;0.1640982610;54642;35725;0.208772610;1726789;1726789;1.724804
2610;1726789;1726789;1.9475422610;42878;19565;0.1658132610;54642;35725;0.2767582610;1726789;1726789;1.98835
2710;1726789;1726789;2.0902712710;36764;16430;0.1641022710;57154;37398;0.2182752710;1827486;1827486;1.824813
2710;1827486;1827486;2.0902762710;36764;16430;0.1639092710;57154;37398;0.2338372710;1827486;1827486;2.140015
2710;1827486;1827486;2.1391212710;36764;16430;0.18372710;57154;37398;0.2190412710;1827486;1827486;1.825225
2710;1827486;1827486;2.0902092710;36764;16430;0.163882710;57154;37398;0.2249752710;1827486;1827486;2.070118
2710;1827486;1827486;2.0921632710;36764;16430;0.1636612710;57154;37398;0.2182762710;1827486;1827486;1.825357
2810;1827486;1827486;2.2780992810;43276;19633;0.1781862810;59646;39100;0.2269842810;1957430;1957430;1.978293
2810;1957430;1957430;2.2365242810;43276;19633;0.1782352810;59646;39100;0.2271622810;1957430;1957430;1.954676
2810;1957430;1957430;2.7369952810;43276;19633;0.1965462810;59646;39100;0.2987432810;1957430;1957430;2.146601
2810;1957430;1957430;2.6133942810;43276;19633;0.2010342810;59646;39100;0.2574962810;1957430;1957430;2.557326
2810;1957430;1957430;2.387442810;43276;19633;0.1848312810;59646;39100;0.233232810;1957430;1957430;2.221087
2910;1957430;1957430;2.4710572910;50126;22949;0.1935892910;61950;40599;0.2432762910;2142132;2142132;2.251154
2910;2142132;2142132;2.496612910;50126;22949;0.1939932910;61950;40599;0.243112910;2142132;2142132;2.157331
2910;2142132;2142132;2.6562382910;50126;22949;0.1861852910;61950;40599;0.2357712910;2142132;2142132;2.137823
2910;2142132;2142132;2.4469712910;50126;22949;0.1862452910;61950;40599;0.2378782910;2142132;2142132;2.158942
2910;2142132;2142132;2.3930312910;50126;22949;0.1869962910;61950;40599;0.2370672910;2142132;2142132;2.183022
3010;2142132;2142132;2.7746033010;53284;24450;0.2041473010;64230;42097;0.2807543010;2316262;2316262;2.448314
3010;2316262;2316262;2.6336583010;53284;24450;0.1969493010;64230;42097;0.2522463010;2316262;2316262;2.445607
3010;2316262;2316262;2.7425873010;53284;24450;0.2081883010;64230;42097;0.2535913010;2316262;2316262;2.468051
3010;2316262;2316262;2.7767853010;53284;24450;0.216893010;64230;42097;0.278643010;2316262;2316262;2.478876
3010;2316262;2316262;2.704713010;53284;24450;0.1966693010;64230;42097;0.2550123010;2316262;2316262;2.491965
3110;2316262;2316262;2.9259483110;52268;23862;0.2042943110;66872;43893;0.2868893110;2433272;2433272;2.586353
3110;2433272;2433272;3.0387813110;52268;23862;0.2056173110;66872;43893;0.2629843110;2433272;2433272;2.566211
3110;2433272;2433272;2.8673110;52268;23862;0.2152763110;66872;43893;0.2722923110;2433272;2433272;2.592197
3110;2433272;2433272;2.8910563110;52268;23862;0.2259543110;66872;43893;0.2837863110;2433272;2433272;2.610923
3110;2433272;2433272;3.0154973110;52268;23862;0.2044333110;66872;43893;0.2620713110;2433272;2433272;2.613205
3210;2433272;2433272;3.0719013210;51448;23374;0.2088473210;69176;45489;0.3105993210;2596436;2596436;2.759035
3210;2596436;2596436;3.071413210;51448;23374;0.2081653210;69176;45489;0.2710383210;2596436;2596436;2.932199
3210;2596436;2596436;3.0829723210;51448;23374;0.2300883210;69176;45489;0.2828833210;2596436;2596436;2.737187
3210;2596436;2596436;3.0793210;51448;23374;0.230973210;69176;45489;0.2715883210;2596436;2596436;2.755168
3210;2596436;2596436;3.271033210;51448;23374;0.2300743210;69176;45489;0.3010243210;2596436;2596436;2.871696
3310;2596436;2596436;3.2722813310;59258;27182;0.2201093310;71574;47081;0.301613310;2758769;2758769;2.910155
3310;2758769;2758769;3.305633310;59258;27182;0.219713310;71574;47081;0.2804213310;2758769;2758769;2.989316
3310;2758769;2758769;3.28233310;59258;27182;0.2185563310;71574;47081;0.2805443310;2758769;2758769;2.899879
3310;2758769;2758769;3.3009743310;59258;27182;0.232263310;71574;47081;0.3124793310;2758769;2758769;2.937225
3310;2758769;2758769;3.2648443310;59258;27182;0.2970893310;71574;47081;0.3096013310;2758769;2758769;2.941027
3410;2758769;2758769;3.4211693410;53702;24348;0.2356473410;74242;48803;0.3038493410;2898080;2898080;3.084355
3410;2898080;2898080;3.6272053410;53702;24348;0.2202333410;74242;48803;0.2905213410;2898080;2898080;3.214842
3410;2898080;2898080;3.6477593410;53702;24348;0.2214173410;74242;48803;0.3153573410;2898080;2898080;3.076259
3410;2898080;2898080;3.4921153410;53702;24348;0.2280353410;74242;48803;0.3002453410;2898080;2898080;3.532623
3410;2898080;2898080;3.8778893410;53702;24348;0.2557023410;74242;48803;0.299023410;2898080;2898080;3.214817
3510;2898080;2898080;3.8333473510;59410;27106;0.2391773510;76524;50378;0.3081233510;3138490;3138490;3.564716
3510;3138490;3138490;3.8089243510;59410;27106;0.237033510;76524;50378;0.3084073510;3138490;3138490;3.328118
3510;3138490;3138490;3.5951473510;59410;27106;0.2302793510;76524;50378;0.2988413510;3138490;3138490;3.638628
3510;3138490;3138490;3.7183233510;59410;27106;0.253593510;76524;50378;0.3282813510;3138490;3138490;3.418435
3510;3138490;3138490;3.7636883510;59410;27106;0.2633753510;76524;50378;0.3107793510;3138490;3138490;3.378939
3610;3138490;3138490;3.9257893610;71840;33224;0.2799293610;79076;52070;0.310383610;3304721;3304721;3.569593
3610;3304721;3304721;3.7452823610;71840;33224;0.2444443610;79076;52070;0.3081873610;3304721;3304721;3.507022
3610;3304721;3304721;3.6806233610;71840;33224;0.2365683610;79076;52070;0.2993463610;3304721;3304721;3.42168
3610;3304721;3304721;3.8363733610;71840;33224;0.2356883610;79076;52070;0.3261773610;3304721;3304721;3.334412
3610;3304721;3304721;3.666783610;71840;33224;0.2433483610;79076;52070;0.3932713610;3304721;3304721;3.754964
3710;3304721;3304721;4.1715083710;63784;29122;0.2531453710;81550;53831;0.3170823710;3479780;3479780;3.576238
3710;3479780;3479780;4.023193710;63784;29122;0.2504883710;81550;53831;0.3721633710;3479780;3479780;3.60649
3710;3479780;3479780;3.8552173710;63784;29122;0.2451783710;81550;53831;0.3069293710;3479780;3479780;3.495223
3710;3479780;3479780;3.8623483710;63784;29122;0.2431443710;81550;53831;0.323273710;3479780;3479780;3.560467
3710;3479780;3479780;4.1005353710;63784;29122;0.245373710;81550;53831;0.3073793710;3479780;3479780;3.524881
3810;3479780;3479780;4.1055853810;64654;29459;0.2481233810;84102;55509;0.3170543810;3567696;3567696;3.58117
3810;3567696;3567696;4.0463483810;64654;29459;0.2457143810;84102;55509;0.3175093810;3567696;3567696;3.679878
3810;3567696;3567696;4.0189913810;64654;29459;0.2467473810;84102;55509;0.3174363810;3567696;3567696;3.608828
3810;3567696;3567696;4.018613810;64654;29459;0.2474013810;84102;55509;0.3169343810;3567696;3567696;3.558474
3810;3567696;3567696;4.1358973810;64654;29459;0.2531813810;84102;55509;0.3258043810;3567696;3567696;3.573866
3910;3567696;3567696;4.3819943910;64118;29112;0.2452623910;86326;57009;0.3248553910;3882019;3882019;3.943757
3910;3882019;3882019;4.3195223910;64118;29112;0.2461773910;86326;57009;0.3261153910;3882019;3882019;3.917317
3910;3882019;3882019;4.2783833910;64118;29112;0.2465673910;86326;57009;0.389053910;3882019;3882019;3.925764
3910;3882019;3882019;4.2349683910;64118;29112;0.2458843910;86326;57009;0.325853910;3882019;3882019;3.871609
3910;3882019;3882019;4.2603153910;64118;29112;0.2469273910;86326;57009;0.3329993910;3882019;3882019;4.060751
4010;3882019;3882019;4.6963654010;74096;34023;0.2577584010;88800;58898;0.3342734010;4001405;4001405;4.038108
4010;4001405;4001405;4.6418054010;74096;34023;0.2584164010;88800;58898;0.3347234010;4001405;4001405;3.992897
4010;4001405;4001405;4.5575514010;74096;34023;0.2591384010;88800;58898;0.3355574010;4001405;4001405;4.424911
4010;4001405;4001405;4.7098094010;74096;34023;0.2746454010;88800;58898;0.3575644010;4001405;4001405;4.145149
4010;4001405;4001405;4.7087584010;74096;34023;0.2841624010;88800;58898;0.3454544010;4001405;4001405;4.144919
4110;4001405;4001405;4.8848424110;81584;37671;0.2931744110;91166;60470;0.3668314110;4296081;4296081;4.72636
4110;4296081;4296081;5.7743884110;81584;37671;0.2934124110;91166;60470;0.3666284110;4296081;4296081;4.59168
4110;4296081;4296081;4.9085154110;81584;37671;0.2829244110;91166;60470;0.3666734110;4296081;4296081;4.51556
4110;4296081;4296081;4.9735644110;81584;37671;0.3853924110;91166;60470;0.3657774110;4296081;4296081;4.832335
4110;4296081;4296081;4.9950264110;81584;37671;0.312874110;91166;60470;0.3660184110;4296081;4296081;4.708834
4210;4296081;4296081;5.2286754210;75228;34390;0.2916844210;93878;62208;0.4816294210;4476116;4476116;5.520205
4210;4476116;4476116;5.5045134210;75228;34390;0.2909584210;93878;62208;0.376584210;4476116;4476116;5.357419
4210;4476116;4476116;5.2738274210;75228;34390;0.2991734210;93878;62208;0.3675454210;4476116;4476116;4.630844
4210;4476116;4476116;5.0358894210;75228;34390;0.2719924210;93878;62208;0.3540654210;4476116;4476116;4.462442
4210;4476116;4476116;4.8900634210;75228;34390;0.2718124210;93878;62208;0.3539054210;4476116;4476116;4.463287
4310;4476116;4476116;5.1981154310;71836;32622;0.369384310;96512;63994;0.4171234310;4619039;4619039;4.680592
4310;4619039;4619039;5.2474394310;71836;32622;0.2969284310;96512;63994;0.363084310;4619039;4619039;4.606406
4310;4619039;4619039;5.1271174310;71836;32622;0.2736664310;96512;63994;0.4083044310;4619039;4619039;4.68293
4310;4619039;4619039;5.4782194310;71836;32622;0.2734694310;96512;63994;0.3619774310;4619039;4619039;4.608725
4310;4619039;4619039;5.3557164310;71836;32622;0.2736884310;96512;63994;0.3637044310;4619039;4619039;4.604644
4410;4619039;4619039;5.5296994410;85438;39342;0.2899124410;98832;65367;0.4131494410;4882338;4882338;4.947405
4410;4882338;4882338;5.3472264410;85438;39342;0.2894024410;98832;65367;0.3715344410;4882338;4882338;5.025512
4410;4882338;4882338;5.6515124410;85438;39342;0.3122614410;98832;65367;0.3848944410;4882338;4882338;4.918476
4410;4882338;4882338;5.34474410;85438;39342;0.2900484410;98832;65367;0.3735824410;4882338;4882338;4.9558
4410;4882338;4882338;5.3438254410;85438;39342;0.3011034410;98832;65367;0.4175934410;4882338;4882338;5.097846
4510;4882338;4882338;6.0191754510;85568;39308;0.2962084510;101482;67220;0.3801634510;5092566;5092566;5.196482
4510;5092566;5092566;5.7009734510;85568;39308;0.2949094510;101482;67220;0.3790644510;5092566;5092566;5.509217
4510;5092566;5092566;5.6495884510;85568;39308;0.3718014510;101482;67220;0.4333384510;5092566;5092566;5.130746
4510;5092566;5092566;5.8742124510;85568;39308;0.30464510;101482;67220;0.3943884510;5092566;5092566;5.436727
4510;5092566;5092566;6.2249734510;85568;39308;0.3341654510;101482;67220;0.4297964510;5092566;5092566;5.419797
4610;5092566;5092566;6.3935714610;75982;34405;0.3036434610;104164;69018;0.4017044610;5349666;5349666;5.825124
4610;5349666;5349666;6.3682174610;75982;34405;0.3028244610;104164;69018;0.4001624610;5349666;5349666;5.84622
4610;5349666;5349666;6.4735814610;75982;34405;0.3205324610;104164;69018;0.4849064610;5349666;5349666;6.271604
4610;5349666;5349666;6.7147964610;75982;34405;0.3130734610;104164;69018;0.4153064610;5349666;5349666;5.895838
4610;5349666;5349666;6.695464610;75982;34405;0.369064610;104164;69018;0.5245744610;5349666;5349666;6.782157
4710;5349666;5349666;8.1731274710;82302;37487;0.3242734710;106732;70656;0.4277044710;5538914;5538914;7.181097
4710;5538914;5538914;7.8509544710;82302;37487;0.3442134710;106732;70656;0.4908834710;5538914;5538914;7.402057
4710;5538914;5538914;7.7876334710;82302;37487;0.3455384710;106732;70656;0.5914824710;5538914;5538914;7.582516
4710;5538914;5538914;7.551594710;82302;37487;0.3435084710;106732;70656;0.4528674710;5538914;5538914;7.506079
4710;5538914;5538914;7.5236444710;82302;37487;0.3455234710;106732;70656;0.4684384710;5538914;5538914;6.074956
4810;5538914;5538914;7.088754810;86298;39398;0.3241884810;109134;72221;0.4299894810;5814826;5814826;6.552024
4810;5814826;5814826;7.373614810;86298;39398;0.4877154810;109134;72221;0.4640334810;5814826;5814826;6.841651
4810;5814826;5814826;7.3284814810;86298;39398;0.5024494810;109134;72221;0.4853294810;5814826;5814826;6.658658
4810;5814826;5814826;6.9789774810;86298;39398;0.3537384810;109134;72221;0.4656634810;5814826;5814826;6.444932
4810;5814826;5814826;6.6480274810;86298;39398;0.3751094810;109134;72221;0.4660524810;5814826;5814826;6.565957
4910;5814826;5814826;6.8789054910;91168;41726;0.3301124910;111922;74195;0.4306634910;6056321;6056321;6.853314
4910;6056321;6056321;7.2115274910;91168;41726;0.3292394910;111922;74195;0.4321814910;6056321;6056321;6.622747
4910;6056321;6056321;6.9921954910;91168;41726;0.3304784910;111922;74195;0.4341164910;6056321;6056321;6.399981
4910;6056321;6056321;7.6348634910;91168;41726;0.342934910;111922;74195;0.4767714910;6056321;6056321;6.561154
4910;6056321;6056321;7.4724294910;91168;41726;0.3304554910;111922;74195;0.4302814910;6056321;6056321;6.296231
5010;6056321;6056321;7.6618985010;92094;42105;0.3328865010;114418;75802;0.4424295010;6256795;6256795;6.458564
5010;6256795;6256795;7.5297375010;92094;42105;0.3675935010;114418;75802;0.4855355010;6256795;6256795;6.843453
5010;6256795;6256795;7.8835445010;92094;42105;0.3674085010;114418;75802;0.4592565010;6256795;6256795;7.23604
5010;6256795;6256795;7.9314155010;92094;42105;0.395555010;114418;75802;0.5165865010;6256795;6256795;7.297162
5010;6256795;6256795;7.5697555010;92094;42105;0.3679975010;114418;75802;0.4839745010;6256795;6256795;6.981685
5110;6256795;6256795;7.6211555110;104110;48010;0.3806695110;117080;77559;0.4933945110;6549373;6549373;7.558396
5110;6549373;6549373;7.6954555110;104110;48010;0.3858565110;117080;77559;0.4965875110;6549373;6549373;7.333423
5110;6549373;6549373;7.548985110;104110;48010;0.3383815110;117080;77559;0.5016025110;6549373;6549373;7.564986
5110;6549373;6549373;7.5872835110;104110;48010;0.3383775110;117080;77559;0.5061425110;6549373;6549373;7.395414
5110;6549373;6549373;7.5043995110;104110;48010;0.3370295110;117080;77559;0.4899715110;6549373;6549373;7.531368
5210;6549373;6549373;7.8759475210;91844;41791;0.3417445210;119528;79105;0.4911815210;6813332;6813332;7.83169
5210;6813332;6813332;7.95565210;91844;41791;0.4291145210;119528;79105;0.4558335210;6813332;6813332;7.991478
5210;6813332;6813332;8.3912685210;91844;41791;0.3411395210;119528;79105;0.4568675210;6813332;6813332;7.701271
5210;6813332;6813332;8.0418755210;91844;41791;0.358115210;119528;79105;0.5185735210;6813332;6813332;8.336619
5210;6813332;6813332;8.0827525210;91844;41791;0.3512585210;119528;79105;0.4725445210;6813332;6813332;7.422068
5310;6813332;6813332;8.4913375310;95648;43603;0.4429925310;122168;81062;0.5236815310;7004826;7004826;7.743223
5310;7004826;7004826;8.3714465310;95648;43603;0.384715310;122168;81062;0.5185445310;7004826;7004826;7.574056
5310;7004826;7004826;8.1438435310;95648;43603;0.3828825310;122168;81062;0.5127135310;7004826;7004826;7.5068
5310;7004826;7004826;8.132445310;95648;43603;0.3784835310;122168;81062;0.4699295310;7004826;7004826;7.644158
5310;7004826;7004826;8.1637725310;95648;43603;0.3816445310;122168;81062;0.52025310;7004826;7004826;7.936292
5410;7004826;7004826;9.0011065410;97602;44465;0.3613235410;124704;82678;0.5302615410;7369786;7369786;8.533694
5410;7369786;7369786;8.9922265410;97602;44465;0.3845935410;124704;82678;0.5352275410;7369786;7369786;8.082672
5410;7369786;7369786;9.5843735410;97602;44465;0.3594855410;124704;82678;0.4946225410;7369786;7369786;7.976671
5410;7369786;7369786;9.0224075410;97602;44465;0.3498695410;124704;82678;0.5022895410;7369786;7369786;7.980295
5410;7369786;7369786;8.9275095410;97602;44465;0.3608395410;124704;82678;0.4955255410;7369786;7369786;8.060051
5510;7369786;7369786;9.1325935510;100676;45932;0.3636645510;127486;84405;0.5139925510;7498186;7498186;8.403544
5510;7498186;7498186;8.8902655510;100676;45932;0.3755995510;127486;84405;0.5101575510;7498186;7498186;8.397481
5510;7498186;7498186;8.7646185510;100676;45932;0.3626075510;127486;84405;0.5342085510;7498186;7498186;8.461847
5510;7498186;7498186;8.9238815510;100676;45932;0.3613385510;127486;84405;0.4875145510;7498186;7498186;8.199334
5510;7498186;7498186;8.6930325510;100676;45932;0.4130975510;127486;84405;0.5608855510;7498186;7498186;8.046112
5610;7498186;7498186;9.15610;118014;54505;0.3844355610;130012;86360;0.513785610;7880967;7880967;8.254324
5610;7880967;7880967;9.2150525610;118014;54505;0.4071485610;130012;86360;0.5513745610;7880967;7880967;8.171489
5610;7880967;7880967;9.8452085610;118014;54505;0.3705385610;130012;86360;0.500045610;7880967;7880967;8.219498
5610;7880967;7880967;9.2548965610;118014;54505;0.3590325610;130012;86360;0.4827285610;7880967;7880967;8.357798
5610;7880967;7880967;9.0268565610;118014;54505;0.3706215610;130012;86360;0.4983465610;7880967;7880967;8.524239
5710;7880967;7880967;9.4074995710;112268;51532;0.3766945710;132776;88076;0.509355710;8046902;8046902;8.672145
5710;8046902;8046902;9.3486445710;112268;51532;0.3769265710;132776;88076;0.5081475710;8046902;8046902;8.692607
5710;8046902;8046902;9.3014725710;112268;51532;0.4147285710;132776;88076;0.5544115710;8046902;8046902;8.427749
5710;8046902;8046902;9.4459735710;112268;51532;0.3974015710;132776;88076;0.5538345710;8046902;8046902;8.521411
5710;8046902;8046902;9.4568565710;112268;51532;0.3647725710;132776;88076;0.5323285710;8046902;8046902;8.193624
5810;8046902;8046902;9.916855810;106900;48745;0.3777775810;135150;89691;0.5838855810;8517702;8517702;8.813925
5810;8517702;8517702;9.5939645810;106900;48745;0.3680185810;135150;89691;0.502955810;8517702;8517702;9.124608
5810;8517702;8517702;9.461445810;106900;48745;0.3694765810;135150;89691;0.5682495810;8517702;8517702;9.960565
5810;8517702;8517702;14.3567895810;106900;48745;0.4851145810;135150;89691;0.6394895810;8517702;8517702;10.788589
5810;8517702;8517702;12.0757965810;106900;48745;0.5593585810;135150;89691;0.8059185810;8517702;8517702;10.71555
5910;8517702;8517702;10.5610795910;114840;52628;0.4043175910;137930;91528;0.5547235910;8735383;8735383;9.558254
5910;8735383;8735383;10.4837845910;114840;52628;0.4129495910;137930;91528;0.6195795910;8735383;8735383;9.345826
5910;8735383;8735383;11.8893535910;114840;52628;0.5804285910;137930;91528;0.7720735910;8735383;8735383;11.514305
5910;8735383;8735383;11.493035910;114840;52628;0.4948225910;137930;91528;0.5800155910;8735383;8735383;10.900293
5910;8735383;8735383;10.4520975910;114840;52628;0.4027615910;137930;91528;0.5703385910;8735383;8735383;9.390846
6010;8735383;8735383;10.4465936010;118696;54456;0.4046156010;140460;93411;0.5534976010;9086097;9086097;9.463489
6010;9086097;9086097;10.3337216010;118696;54456;0.4109286010;140460;93411;0.5549726010;9086097;9086097;10.05698
6010;9086097;9086097;10.8480896010;118696;54456;0.4207186010;140460;93411;0.5352296010;9086097;9086097;9.930795
6010;9086097;9086097;10.8294226010;118696;54456;0.3938996010;140460;93411;0.5590066010;9086097;9086097;9.727312
6010;9086097;9086097;10.655496010;118696;54456;0.4044766010;140460;93411;0.591946010;9086097;9086097;10.317621
6110;9086097;9086097;11.6831536110;119864;54943;0.4523276110;143284;95291;0.7199276110;9225366;9225366;10.974438
6110;9225366;9225366;11.9322266110;119864;54943;0.4425656110;143284;95291;0.6413366110;9225366;9225366;11.057808
6110;9225366;9225366;11.7568786110;119864;54943;0.4408316110;143284;95291;0.6038426110;9225366;9225366;11.096539
6110;9225366;9225366;11.4944456110;119864;54943;0.4162136110;143284;95291;0.6400646110;9225366;9225366;10.480304
6110;9225366;9225366;11.4243176110;119864;54943;0.4566166110;143284;95291;0.6015526110;9225366;9225366;10.908344
6210;9225366;9225366;11.9623996210;106848;48339;0.4468886210;145790;96877;0.5762446210;9665045;9665045;11.600648
6210;9665045;9665045;14.253446210;106848;48339;0.4806746210;145790;96877;0.6740846210;9665045;9665045;10.536415
6210;9665045;9665045;11.3726076210;106848;48339;0.410016210;145790;96877;0.5823086210;9665045;9665045;10.626903
6210;9665045;9665045;11.2750656210;106848;48339;0.4124416210;145790;96877;0.5743016210;9665045;9665045;10.754506
6210;9665045;9665045;11.4994276210;106848;48339;0.411126210;145790;96877;0.5764286210;9665045;9665045;10.701269
6310;9665045;9665045;11.6181666310;126696;58169;0.4225346310;148466;98651;0.6153016310;9858873;9858873;10.97539
6310;9858873;9858873;12.0283016310;126696;58169;0.438116310;148466;98651;0.5853076310;9858873;9858873;11.551342
6310;9858873;9858873;12.5790286310;126696;58169;0.6079616310;148466;98651;0.6469616310;9858873;9858873;10.707732
6310;9858873;9858873;12.2204566310;126696;58169;0.4346846310;148466;98651;0.5858846310;9858873;9858873;10.502757
6310;9858873;9858873;11.373326310;126696;58169;0.4224926310;148466;98651;0.5883336310;9858873;9858873;10.425553
6410;9858873;9858873;11.5577276410;132726;61080;0.4070926410;151054;100502;0.5589066410;10223622;10223622;10.479539
6410;10223622;10223622;11.5614566410;132726;61080;0.4063236410;151054;100502;0.6637516410;10223622;10223622;10.598924
6410;10223622;10223622;12.062626410;132726;61080;0.4572546410;151054;100502;0.5792656410;10223622;10223622;10.683893
6410;10223622;10223622;11.5140166410;132726;61080;0.406156410;151054;100502;0.6073626410;10223622;10223622;10.543138
6410;10223622;10223622;11.544766410;132726;61080;0.4277136410;151054;100502;0.559336410;10223622;10223622;10.746724
6510;10223622;10223622;11.6865336510;132974;61122;0.4698096510;153562;102139;0.6597986510;10662964;10662964;12.367244
6510;10662964;10662964;12.8720296510;132974;61122;0.4767796510;153562;102139;0.6450486510;10662964;10662964;12.714995
6510;10662964;10662964;12.4766946510;132974;61122;0.4293716510;153562;102139;0.6759736510;10662964;10662964;11.636122
6510;10662964;10662964;12.0979986510;132974;61122;0.4730386510;153562;102139;0.6387476510;10662964;10662964;11.568898
6510;10662964;10662964;12.7107036510;132974;61122;0.4508256510;153562;102139;0.6067726510;10662964;10662964;11.637122
6610;10662964;10662964;12.8638296610;119612;54331;0.4536326610;156334;104002;0.6175986610;10873766;10873766;11.803508
6610;10873766;10873766;12.784726610;119612;54331;0.4462236610;156334;104002;0.6144186610;10873766;10873766;12.275994
6610;10873766;10873766;13.2076366610;119612;54331;0.5487876610;156334;104002;0.6394866610;10873766;10873766;12.105402
6610;10873766;10873766;12.8107446610;119612;54331;0.4493216610;156334;104002;0.613576610;10873766;10873766;12.10518
6610;10873766;10873766;12.8923246610;119612;54331;0.4470916610;156334;104002;0.6160646610;10873766;10873766;11.858709
6710;10873766;10873766;13.0593236710;135848;62354;0.4575956710;158802;105741;0.6622596710;11202503;11202503;12.152344
6710;11202503;11202503;12.7425386710;135848;62354;0.4406066710;158802;105741;0.6087586710;11202503;11202503;12.019079
6710;11202503;11202503;13.1209296710;135848;62354;0.440746710;158802;105741;0.6092156710;11202503;11202503;11.853087
6710;11202503;11202503;13.0598156710;135848;62354;0.4438696710;158802;105741;0.6083576710;11202503;11202503;11.760645
6710;11202503;11202503;12.4186346710;135848;62354;0.4705256710;158802;105741;0.6469656710;11202503;11202503;11.270676
6810;11202503;11202503;12.8964096810;150858;69763;0.4486396810;161574;107407;0.619836810;11700870;11700870;13.105658
6810;11700870;11700870;12.8587766810;150858;69763;0.4510576810;161574;107407;0.5953496810;11700870;11700870;12.159091
6810;11700870;11700870;13.2720736810;150858;69763;0.4748786810;161574;107407;0.6826286810;11700870;11700870;12.416871
6810;11700870;11700870;13.3077326810;150858;69763;0.4651886810;161574;107407;0.6147396810;11700870;11700870;12.010722
6810;11700870;11700870;12.854696810;150858;69763;0.4730976810;161574;107407;0.5998086810;11700870;11700870;12.177183
6910;11700870;11700870;13.3876986910;137492;62981;0.5997176910;164236;109400;0.7701826910;11936107;11936107;12.163178
6910;11936107;11936107;13.1496596910;137492;62981;0.4466646910;164236;109400;0.6693236910;11936107;11936107;12.111945
6910;11936107;11936107;13.2097096910;137492;62981;0.4819526910;164236;109400;0.6443436910;11936107;11936107;12.234704
6910;11936107;11936107;13.2473976910;137492;62981;0.4445056910;164236;109400;0.6071556910;11936107;11936107;12.159478
6910;11936107;11936107;13.1213456910;137492;62981;0.5262536910;164236;109400;0.6247376910;11936107;11936107;12.14309
7010;11936107;11936107;13.7019237010;138062;63169;0.4502087010;166814;111115;0.6198097010;12284783;12284783;12.902791
7010;12284783;12284783;13.6552757010;138062;63169;0.4504447010;166814;111115;0.6129617010;12284783;12284783;12.707804
7010;12284783;12284783;13.6319347010;138062;63169;0.448157010;166814;111115;0.6393597010;12284783;12284783;12.492702
7010;12284783;12284783;13.5329667010;138062;63169;0.4518667010;166814;111115;0.6842047010;12284783;12284783;12.605643
7010;12284783;12284783;13.689457010;138062;63169;0.4467917010;166814;111115;0.6146367010;12284783;12284783;12.528775
7110;12284783;12284783;14.3005747110;146182;67129;0.4656117110;169556;113106;0.6641447110;12633295;12633295;13.761778
7110;12633295;12633295;14.9660247110;146182;67129;0.46667110;169556;113106;0.6431697110;12633295;12633295;13.659435
7110;12633295;12633295;14.073177110;146182;67129;0.4526917110;169556;113106;0.6254617110;12633295;12633295;12.856974
7110;12633295;12633295;14.0574757110;146182;67129;0.465437110;169556;113106;0.6438367110;12633295;12633295;12.739127
7110;12633295;12633295;13.880377110;146182;67129;0.465417110;169556;113106;0.6468467110;12633295;12633295;12.88486
7210;12633295;12633295;14.2988677210;148226;68052;0.4772737210;172178;114706;0.6350037210;12916801;12916801;13.375388
7210;12916801;12916801;14.5801197210;148226;68052;0.4774277210;172178;114706;0.6548157210;12916801;12916801;13.242849
7210;12916801;12916801;14.3771987210;148226;68052;0.4749737210;172178;114706;0.6487237210;12916801;12916801;13.091984
7210;12916801;12916801;14.2725277210;148226;68052;0.4912867210;172178;114706;0.6556187210;12916801;12916801;13.150162
7210;12916801;12916801;14.4749547210;148226;68052;0.4767847210;172178;114706;0.6369287210;12916801;12916801;13.167551
7310;12916801;12916801;14.7498637310;152970;70326;0.4792187310;174662;116495;0.6631177310;13379926;13379926;13.634914
7310;13379926;13379926;14.6113457310;152970;70326;0.5134997310;174662;116495;0.6731487310;13379926;13379926;13.592644
7310;13379926;13379926;14.5730987310;152970;70326;0.4779447310;174662;116495;0.6694537310;13379926;13379926;13.684626
7310;13379926;13379926;14.9042977310;152970;70326;0.5085517310;174662;116495;0.6917487310;13379926;13379926;13.896276
7310;13379926;13379926;14.9313717310;152970;70326;0.4749267310;174662;116495;0.6400587310;13379926;13379926;13.773388
7410;13379926;13379926;15.2561777410;145860;66683;0.4829227410;177506;118420;0.6549917410;13688998;13688998;14.528293
7410;13688998;13688998;15.6994667410;145860;66683;0.4873087410;177506;118420;0.7204057410;13688998;13688998;14.931923
7410;13688998;13688998;16.2215997410;145860;66683;0.4973827410;177506;118420;0.6869917410;13688998;13688998;14.435871
7410;13688998;13688998;16.3319947410;145860;66683;0.5390947410;177506;118420;0.6966027410;13688998;13688998;15.302932
7410;13688998;13688998;17.4630997410;145860;66683;0.5153887410;177506;118420;0.7287487410;13688998;13688998;15.146611
7510;13688998;13688998;16.8184867510;159074;73187;0.5907357510;179998;120264;0.8865957510;14187158;14187158;15.427345
7510;14187158;14187158;16.622877510;159074;73187;0.5148397510;179998;120264;0.7037797510;14187158;14187158;15.379614
7510;14187158;14187158;16.8732397510;159074;73187;0.5178147510;179998;120264;0.7102657510;14187158;14187158;15.472977
7510;14187158;14187158;16.7291647510;159074;73187;0.5160457510;179998;120264;0.7197277510;14187158;14187158;15.988599
7510;14187158;14187158;19.9331137510;159074;73187;0.5157510;179998;120264;0.7125637510;14187158;14187158;17.242587
7610;14187158;14187158;17.4285677610;149584;68341;0.5217097610;182668;121872;0.7798647610;14572659;14572659;15.775248
7610;14572659;14572659;17.0335227610;149584;68341;0.5337927610;182668;121872;0.715077610;14572659;14572659;15.741056
7610;14572659;14572659;17.0972327610;149584;68341;0.5138337610;182668;121872;0.7154097610;14572659;14572659;15.837299
7610;14572659;14572659;16.7854347610;149584;68341;0.5142367610;182668;121872;0.716697610;14572659;14572659;15.889148
7610;14572659;14572659;17.0171137610;149584;68341;0.7807177610;182668;121872;0.7629947610;14572659;14572659;16.016907
7710;14572659;14572659;17.4054617710;160974;73935;0.7423237710;185330;123695;1.0216757710;14965849;14965849;30.664098
7710;14965849;14965849;24.3422067710;160974;73935;0.5123097710;185330;123695;0.8187077710;14965849;14965849;16.245041
7710;14965849;14965849;18.4691617710;160974;73935;0.6184817710;185330;123695;0.7233147710;14965849;14965849;16.472903
7710;14965849;14965849;17.0998617710;160974;73935;0.5284917710;185330;123695;0.7242017710;14965849;14965849;15.940589
7710;14965849;14965849;16.741647710;160974;73935;0.4979717710;185330;123695;0.6817427710;14965849;14965849;16.4046
7810;14965849;14965849;17.378637810;165732;76216;0.5094967810;188058;125678;0.7402947810;15310510;15310510;16.021436
7810;15310510;15310510;17.1747777810;165732;76216;0.5572627810;188058;125678;0.7056437810;15310510;15310510;16.906275
7810;15310510;15310510;17.4725287810;165732;76216;0.5184867810;188058;125678;0.8135047810;15310510;15310510;16.252364
7810;15310510;15310510;18.3929247810;165732;76216;0.5242917810;188058;125678;0.7141197810;15310510;15310510;16.488726
7810;15310510;15310510;17.2478387810;165732;76216;0.5454797810;188058;125678;0.692537810;15310510;15310510;15.995647
7910;15310510;15310510;18.4388967910;157628;72063;0.5520047910;190728;127772;0.7591537910;15643696;15643696;16.851722
7910;15643696;15643696;18.3259927910;157628;72063;0.5971917910;190728;127772;0.7986657910;15643696;15643696;17.765336
7910;15643696;15643696;18.8899677910;157628;72063;0.5372897910;190728;127772;0.7238047910;15643696;15643696;16.54536
7910;15643696;15643696;18.1802177910;157628;72063;0.6097747910;190728;127772;0.8292037910;15643696;15643696;16.974507
7910;15643696;15643696;18.6419347910;157628;72063;0.5509727910;190728;127772;0.7487467910;15643696;15643696;16.972911
8010;15643696;15643696;18.8016668010;174354;80334;0.5575978010;193676;129703;0.7577398010;15959390;15959390;17.215249
8010;15959390;15959390;18.7227858010;174354;80334;0.678998010;193676;129703;0.8126738010;15959390;15959390;17.273941
8010;15959390;15959390;18.8020178010;174354;80334;0.5358748010;193676;129703;0.7580818010;15959390;15959390;17.382379
8010;15959390;15959390;18.3926218010;174354;80334;0.536678010;193676;129703;0.7604388010;15959390;15959390;16.749051
8010;15959390;15959390;18.6187498010;174354;80334;0.620358010;193676;129703;0.9208768010;15959390;15959390;17.272699
8110;15959390;15959390;18.5989688110;187332;86723;0.5651648110;196402;131436;0.7206778110;16398830;16398830;16.969157
8110;16398830;16398830;17.9917158110;187332;86723;0.5639198110;196402;131436;0.7230928110;16398830;16398830;16.849026
8110;16398830;16398830;18.8530648110;187332;86723;0.5774938110;196402;131436;0.7699288110;16398830;16398830;17.786377
8110;16398830;16398830;18.3573628110;187332;86723;0.5420078110;196402;131436;0.721688110;16398830;16398830;16.885215
8110;16398830;16398830;18.039788110;187332;86723;0.5428388110;196402;131436;0.7333128110;16398830;16398830;16.997916
8210;16398830;16398830;18.9724698210;169096;77503;0.5489498210;198802;133243;0.7547288210;16830847;16830847;17.493629
8210;16830847;16830847;18.9273798210;169096;77503;0.6043948210;198802;133243;0.778748210;16830847;16830847;17.512356
8210;16830847;16830847;18.8671428210;169096;77503;0.5492088210;198802;133243;0.7701298210;16830847;16830847;18.677534
8210;16830847;16830847;20.0254278210;169096;77503;0.5562858210;198802;133243;0.7691028210;16830847;16830847;20.873326
8210;16830847;16830847;19.2260918210;169096;77503;0.5579988210;198802;133243;0.7669688210;16830847;16830847;17.737774
8310;16830847;16830847;19.7658728310;192442;89074;0.5759698310;201526;135064;0.7657348310;17226188;17226188;18.098228
8310;17226188;17226188;19.3702458310;192442;89074;0.5912868310;201526;135064;0.7767628310;17226188;17226188;17.929515
8310;17226188;17226188;19.2193768310;192442;89074;0.600088310;201526;135064;0.7656748310;17226188;17226188;18.068991
8310;17226188;17226188;20.0615268310;192442;89074;0.6259728310;201526;135064;0.845318310;17226188;17226188;18.775328
8310;17226188;17226188;20.6343248310;192442;89074;0.6408178310;201526;135064;0.8408268310;17226188;17226188;20.536276
8410;17226188;17226188;22.5374938410;173832;79679;0.6770568410;204318;136894;0.9663088410;17599876;17599876;20.766059
8410;17599876;17599876;21.3415288410;173832;79679;0.6226168410;204318;136894;0.8573358410;17599876;17599876;19.697273
8410;17599876;17599876;20.9027778410;173832;79679;0.5757318410;204318;136894;0.7898568410;17599876;17599876;18.635293
8410;17599876;17599876;20.7689068410;173832;79679;0.5667988410;204318;136894;0.7767168410;17599876;17599876;18.875456
8410;17599876;17599876;20.6605378410;173832;79679;0.5910068410;204318;136894;0.7760358410;17599876;17599876;18.782868
8510;17599876;17599876;21.3517878510;179150;82226;0.6411378510;207118;138816;0.8638748510;17917029;17917029;19.173328
8510;17917029;17917029;20.988048510;179150;82226;0.5769778510;207118;138816;0.835338510;17917029;17917029;19.659792
8510;17917029;17917029;20.8965538510;179150;82226;0.559028510;207118;138816;0.7892628510;17917029;17917029;19.166381
8510;17917029;17917029;20.9943788510;179150;82226;0.6596738510;207118;138816;0.8695228510;17917029;17917029;18.883659
8510;17917029;17917029;20.5169658510;179150;82226;0.6284078510;207118;138816;0.7609288510;17917029;17917029;18.920479
8610;17917029;17917029;21.3562988610;185130;85128;0.5750028610;209814;140364;0.7779638610;18672984;18672984;19.821118
8610;18672984;18672984;21.3633068610;185130;85128;0.647878610;209814;140364;0.9003678610;18672984;18672984;19.814558
8610;18672984;18672984;21.0048718610;185130;85128;0.6297158610;209814;140364;0.7738858610;18672984;18672984;20.309361
8610;18672984;18672984;21.3820518610;185130;85128;0.5834238610;209814;140364;0.7991468610;18672984;18672984;19.59503
8610;18672984;18672984;20.578218610;185130;85128;0.5654888610;209814;140364;0.7749248610;18672984;18672984;19.123391
8710;18672984;18672984;20.724938710;177524;81219;0.6462368710;212170;142125;0.804698710;18971020;18971020;19.547183
8710;18971020;18971020;20.9038788710;177524;81219;0.5675268710;212170;142125;0.7795588710;18971020;18971020;19.289436
8710;18971020;18971020;20.8955478710;177524;81219;0.568368710;212170;142125;0.7815128710;18971020;18971020;19.523604
8710;18971020;18971020;20.949478710;177524;81219;0.6029488710;212170;142125;0.8292198710;18971020;18971020;20.640746
8710;18971020;18971020;21.85918710;177524;81219;0.5689478710;212170;142125;0.8757718710;18971020;18971020;19.473251
8810;18971020;18971020;21.1075988810;197904;91313;0.5814248810;215258;144075;0.7899388810;19330363;19330363;19.604048
8810;19330363;19330363;21.2564028810;197904;91313;0.6227748810;215258;144075;0.8562698810;19330363;19330363;19.67616
8810;19330363;19330363;21.0917548810;197904;91313;0.5801728810;215258;144075;0.841318810;19330363;19330363;19.670268
8810;19330363;19330363;21.9447448810;197904;91313;0.6026698810;215258;144075;0.7888338810;19330363;19330363;19.711845
8810;19330363;19330363;21.3760038810;197904;91313;0.5850678810;215258;144075;0.7889988810;19330363;19330363;19.737035
8910;19330363;19330363;21.7096898910;195784;90150;0.5866998910;217940;145822;0.7996318910;19915481;19915481;20.748888
8910;19915481;19915481;21.6893428910;195784;90150;0.590568910;217940;145822;0.9229488910;19915481;19915481;20.491802
8910;19915481;19915481;21.5674338910;195784;90150;0.5854288910;217940;145822;0.8196518910;19915481;19915481;20.56572
8910;19915481;19915481;21.8936388910;195784;90150;0.6133328910;217940;145822;0.8211068910;19915481;19915481;20.323583
8910;19915481;19915481;21.80888910;195784;90150;0.6309688910;217940;145822;0.836238910;19915481;19915481;20.475912
9010;19915481;19915481;22.207169010;217902;101112;0.6052119010;221008;147796;0.8081479010;20159767;20159767;20.570118
9010;20159767;20159767;22.2224189010;217902;101112;0.5968459010;221008;147796;0.8116939010;20159767;20159767;20.509405
9010;20159767;20159767;22.1930939010;217902;101112;0.6038959010;221008;147796;0.8322379010;20159767;20159767;20.445397
9010;20159767;20159767;22.1404029010;217902;101112;0.6434919010;221008;147796;0.8337069010;20159767;20159767;20.473194
9010;20159767;20159767;22.570269010;217902;101112;0.679569010;221008;147796;0.8091999010;20159767;20159767;20.75105
9110;20159767;20159767;22.4884249110;213078;98598;0.6218669110;223576;149634;0.8191829110;20987466;20987466;21.827319
9110;20987466;20987466;22.4739639110;213078;98598;0.6082859110;223576;149634;0.8187059110;20987466;20987466;21.668617
9110;20987466;20987466;22.6978859110;213078;98598;0.602329110;223576;149634;0.8178079110;20987466;20987466;21.544428
9110;20987466;20987466;22.7296769110;213078;98598;0.602299110;223576;149634;0.8168069110;20987466;20987466;21.354394
9110;20987466;20987466;22.6998559110;213078;98598;0.6395949110;223576;149634;0.8761329110;20987466;20987466;21.438048
9210;20987466;20987466;23.2568169210;182236;83071;0.5929079210;226172;151482;0.8306979210;21210166;21210166;21.568445
9210;21210166;21210166;23.5711239210;182236;83071;0.6881149210;226172;151482;0.9265969210;21210166;21210166;23.927766
9210;21210166;21210166;24.6049479210;182236;83071;0.6131769210;226172;151482;0.8532879210;21210166;21210166;21.446772
9210;21210166;21210166;23.2611819210;182236;83071;0.5976779210;226172;151482;0.85449210;21210166;21210166;21.561046
9210;21210166;21210166;23.1337119210;182236;83071;0.5974989210;226172;151482;0.8793929210;21210166;21210166;21.52022
9310;21210166;21210166;24.4466279310;202182;92952;0.6121999310;229336;153427;0.8845289310;21555221;21555221;22.152653
9310;21555221;21555221;23.6240459310;202182;92952;0.6124489310;229336;153427;0.8658539310;21555221;21555221;21.952989
9310;21555221;21555221;23.6464789310;202182;92952;0.6115469310;229336;153427;0.8414769310;21555221;21555221;22.096635
9310;21555221;21555221;23.9403219310;202182;92952;0.6122179310;229336;153427;0.8473819310;21555221;21555221;25.311673
9310;21555221;21555221;25.5265989310;202182;92952;0.6854089310;229336;153427;0.964539310;21555221;21555221;22.812278
9410;21555221;21555221;24.5618679410;240720;112123;0.6408349410;231992;155290;0.8554779410;21867139;21867139;22.368453
9410;21867139;21867139;25.3254889410;240720;112123;0.6582989410;231992;155290;0.8807769410;21867139;21867139;22.537685
9410;21867139;21867139;24.7489899410;240720;112123;0.6418139410;231992;155290;0.8958569410;21867139;21867139;22.402957
9410;21867139;21867139;24.1046119410;240720;112123;0.6910989410;231992;155290;0.8810339410;21867139;21867139;22.584518
9410;21867139;21867139;24.2886339410;240720;112123;0.661369410;231992;155290;0.8787219410;21867139;21867139;22.24587
9510;21867139;21867139;25.332069510;206644;94986;0.6714659510;234504;156912;0.8690719510;22761039;22761039;23.281207
9510;22761039;22761039;24.8408099510;206644;94986;0.6239369510;234504;156912;0.8593359510;22761039;22761039;23.340456
9510;22761039;22761039;24.7085889510;206644;94986;0.6225599510;234504;156912;0.9056959510;22761039;22761039;23.210701
9510;22761039;22761039;24.8697999510;206644;94986;0.6230339510;234504;156912;0.859699510;22761039;22761039;23.338268
9510;22761039;22761039;24.9185869510;206644;94986;0.7598979510;234504;156912;0.914569510;22761039;22761039;24.450623
9610;22761039;22761039;25.5962559610;201382;92256;0.6636869610;237278;158952;1.0662169610;23113718;23113718;23.727408
9610;23113718;23113718;25.836799610;201382;92256;0.6293379610;237278;158952;1.1375449610;23113718;23113718;23.795594
9610;23113718;23113718;25.2389379610;201382;92256;0.846889610;237278;158952;0.8985279610;23113718;23113718;23.951159
9610;23113718;23113718;25.196039610;201382;92256;0.6408589610;237278;158952;0.892319610;23113718;23113718;23.756384
9610;23113718;23113718;25.9320369610;201382;92256;0.6368119610;237278;158952;0.8958939610;23113718;23113718;24.001557
9710;23113718;23113718;26.2930289710;209802;96366;0.6292749710;240280;160952;0.9141969710;23354498;23354498;24.044568
9710;23354498;23354498;25.6645239710;209802;96366;0.7078559710;240280;160952;0.9268499710;23354498;23354498;23.768148
9710;23354498;23354498;27.3474289710;209802;96366;0.6491759710;240280;160952;0.9111659710;23354498;23354498;24.647217
9710;23354498;23354498;25.9744879710;209802;96366;0.6745619710;240280;160952;0.8850299710;23354498;23354498;23.826495
9710;23354498;23354498;25.6844199710;209802;96366;0.6294559710;240280;160952;0.8818139710;23354498;23354498;23.725483
9810;23354498;23354498;26.1564029810;234244;108487;0.6494879810;243084;162621;0.8968849810;24198704;24198704;25.17417
9810;24198704;24198704;31.1099739810;234244;108487;0.712999810;243084;162621;1.0146029810;24198704;24198704;26.08014
9810;24198704;24198704;26.4295069810;234244;108487;0.6482789810;243084;162621;0.9268059810;24198704;24198704;24.89939
9810;24198704;24198704;26.7226289810;234244;108487;0.6479129810;243084;162621;0.9766299810;24198704;24198704;27.078414
9810;24198704;24198704;27.0356339810;234244;108487;0.648179810;243084;162621;0.929649810;24198704;24198704;25.922533
9910;24198704;24198704;27.8794699910;213254;97892;0.6574439910;245518;164296;0.8990279910;24783584;24783584;27.102025
9910;24783584;24783584;29.3534359910;213254;97892;0.6771179910;245518;164296;0.9457499910;24783584;24783584;25.385293
9910;24783584;24783584;26.8011889910;213254;97892;0.6576739910;245518;164296;0.9807829910;24783584;24783584;25.281022
9910;24783584;24783584;26.9583099910;213254;97892;0.6562539910;245518;164296;0.902869910;24783584;24783584;25.483
9910;24783584;24783584;29.2300489910;213254;97892;0.7129329910;245518;164296;0.9762919910;24783584;24783584;25.971188
