100;2553;2553;1.26525E-4
100;2553;2553;1.15101E-4
100;10098;4950;5.12486E-4
100;1282;789;1.18693E-4
100;0;0;5.159E-6
100;0;0;1.48988E-4
100;10098;4950;4.3515E-4
100;1282;789;2.1975E-5
100;0;0;4.81E-6
100;0;0;1.03052E-4
100;10098;4950;4.2296E-5
100;1282;789;2.7702E-5
100;0;0;3.721E-6
100;0;0;1.16002E-4
100;10098;4950;3.4027E-5
100;1282;789;1.7035E-5
100;0;0;3.633E-6
100;0;0;1.2427E-4
100;10098;4950;3.5035E-5
100;1282;789;1.5737E-5
100;0;0;4.72E-6
100;0;0;1.0266E-4
100;10098;4950;3.3892E-5
100;1282;789;1.6386E-5
200;9502;9502;4.35152E-4
200;9502;9502;3.99408E-4
200;40198;19900;1.4431E-4
200;2968;1878;5.6567E-5
200;0;0;7.135E-6
200;0;0;4.37328E-4
200;40198;19900;1.45741E-4
200;2968;1878;3.5226E-5
200;0;0;6.981E-6
200;0;0;8.7663E-5
200;40198;19900;1.37804E-4
200;2968;1878;3.6169E-5
200;0;0;8.282E-6
200;0;0;7.2277E-5
200;40198;19900;1.46207E-4
200;2968;1878;3.9141E-5
200;0;0;7.657E-6
200;0;0;7.1407E-5
200;40198;19900;1.46653E-4
200;2968;1878;3.8264E-5
200;0;0;7.578E-6
200;0;0;6.6215E-5
200;40198;19900;1.46073E-4
200;2968;1878;3.8033E-5
300;22684;22684;0.00116806
300;22684;22684;1.32131E-4
300;90298;44850;3.10215E-4
300;4778;3055;5.8381E-5
300;0;0;1.1376E-5
300;0;0;1.35263E-4
300;90298;44850;3.05447E-4
300;4778;3055;5.6813E-5
300;0;0;1.0487E-5
300;0;0;1.35514E-4
300;90298;44850;3.11506E-4
300;4778;3055;5.4682E-5
300;0;0;1.0257E-5
300;0;0;1.71019E-4
300;90298;44850;3.86137E-4
300;4778;3055;5.7054E-5
300;0;0;1.1942E-5
300;0;0;1.36252E-4
300;90298;44850;3.96345E-4
300;4778;3055;5.5132E-5
300;0;0;1.0072E-5
300;0;0;1.6043E-4
300;90298;44850;3.95881E-4
300;4778;3055;5.6855E-5
400;40960;40960;0.001372129
400;40960;40960;2.45267E-4
400;160398;79800;7.30467E-4
400;6730;4338;7.5918E-5
400;0;0;2.384E-6
400;0;0;2.30039E-4
400;160398;79800;7.09551E-4
400;6730;4338;7.5702E-5
400;0;0;2.278E-6
400;0;0;1.04978E-4
400;160398;79800;7.47168E-4
400;6730;4338;7.5706E-5
400;0;0;2.286E-6
400;0;0;7.6257E-5
400;160398;79800;7.24084E-4
400;6730;4338;7.525E-5
400;0;0;2.301E-6
400;0;0;7.677E-5
400;160398;79800;6.87968E-4
400;6730;4338;7.5695E-5
400;0;0;2.287E-6
400;0;0;7.5538E-5
400;160398;79800;6.81312E-4
400;6730;4338;1.04231E-4
500;59633;59633;2.51223E-4
500;59633;59633;1.41592E-4
500;250498;124750;1.67394E-4
500;8656;5672;9.6408E-5
500;0;0;2.97E-6
500;0;0;9.4271E-5
500;250498;124750;1.29762E-4
500;8656;5672;9.6237E-5
500;0;0;2.802E-6
500;0;0;8.9792E-5
500;250498;124750;1.1734E-4
500;8656;5672;9.5215E-5
500;0;0;2.797E-6
500;0;0;8.8574E-5
500;250498;124750;1.16382E-4
500;8656;5672;9.5933E-5
500;0;0;3.747E-6
500;0;0;8.9512E-5
500;250498;124750;1.17372E-4
500;8656;5672;9.5749E-5
500;0;0;2.779E-6
500;0;0;8.7042E-5
500;250498;124750;1.16304E-4
500;8656;5672;9.5823E-5
600;90245;90245;3.54684E-4
600;90245;90245;1.0228E-4
600;360598;179700;1.69987E-4
600;10762;6997;1.17278E-4
600;0;0;3.346E-6
600;0;0;1.03637E-4
600;360598;179700;1.70061E-4
600;10762;6997;1.20846E-4
600;0;0;3.45E-6
600;0;0;1.08508E-4
600;360598;179700;1.70074E-4
600;10762;6997;1.21275E-4
600;0;0;3.437E-6
600;0;0;1.06918E-4
600;360598;179700;1.70848E-4
600;10762;6997;1.21331E-4
600;0;0;3.408E-6
600;0;0;1.16364E-4
600;360598;179700;1.65604E-4
600;10762;6997;1.16918E-4
600;0;0;3.326E-6
600;0;0;1.0071E-4
600;360598;179700;1.64545E-4
600;10762;6997;1.48461E-4
700;120890;120890;2.37352E-4
700;120890;120890;1.16189E-4
700;490698;244650;2.34656E-4
700;12922;8420;1.39317E-4
700;0;0;3.889E-6
700;0;0;1.25479E-4
700;490698;244650;2.28311E-4
700;12922;8420;1.38962E-4
700;0;0;4.196E-6
700;0;0;1.25605E-4
700;490698;244650;2.32623E-4
700;12922;8420;1.47711E-4
700;0;0;3.824E-6
700;0;0;1.16308E-4
700;490698;244650;2.21194E-4
700;12922;8420;1.382E-4
700;0;0;3.843E-6
700;0;0;1.20342E-4
700;490698;244650;2.22178E-4
700;12922;8420;1.65009E-4
700;0;0;3.822E-6
700;0;0;1.17639E-4
700;490698;244650;2.21118E-4
700;12922;8420;1.38393E-4
800;162533;162533;2.48939E-4
800;162533;162533;1.33698E-4
800;640798;319600;3.05306E-4
800;15040;9818;1.61202E-4
800;0;0;4.385E-6
800;0;0;1.39328E-4
800;640798;319600;2.86807E-4
800;15040;9818;1.59087E-4
800;0;0;4.387E-6
800;0;0;1.38506E-4
800;640798;319600;2.86977E-4
800;15040;9818;1.58843E-4
800;0;0;4.333E-6
800;0;0;1.37794E-4
800;640798;319600;2.86148E-4
800;15040;9818;1.59978E-4
800;0;0;4.359E-6
800;0;0;1.38742E-4
800;640798;319600;2.8671E-4
800;15040;9818;1.5905E-4
800;0;0;4.353E-6
800;0;0;1.34191E-4
800;640798;319600;2.86066E-4
800;15040;9818;1.64618E-4
900;206361;206361;3.06834E-4
900;206361;206361;1.61354E-4
900;810898;404550;3.83193E-4
900;17236;11339;1.80748E-4
900;0;0;4.914E-6
900;0;0;1.5662E-4
900;810898;404550;3.91745E-4
900;17236;11339;1.93842E-4
900;0;0;5.033E-6
900;0;0;1.6306E-4
900;810898;404550;3.60031E-4
900;17236;11339;1.8073E-4
900;0;0;4.879E-6
900;0;0;1.61592E-4
900;810898;404550;3.5901E-4
900;17236;11339;1.8099E-4
900;0;0;4.853E-6
900;0;0;1.60132E-4
900;810898;404550;3.59775E-4
900;17236;11339;1.80936E-4
900;0;0;4.865E-6
900;0;0;1.56631E-4
900;810898;404550;3.71343E-4
900;17236;11339;1.87862E-4
1000;252325;252325;3.64731E-4
1000;252325;252325;1.96451E-4
1000;1000998;499500;4.49277E-4
1000;19372;12861;2.02941E-4
1000;0;0;5.409E-6
1000;0;0;1.80864E-4
1000;1000998;499500;4.42539E-4
1000;19372;12861;2.02889E-4
1000;0;0;5.364E-6
1000;0;0;1.84335E-4
1000;1000998;499500;4.4217E-4
1000;19372;12861;2.02141E-4
1000;0;0;5.566E-6
1000;0;0;1.92675E-4
1000;1000998;499500;4.74486E-4
1000;19372;12861;2.14106E-4
1000;0;0;5.355E-6
1000;0;0;2.21835E-4
1000;1000998;499500;5.44833E-4
1000;19372;12861;2.02165E-4
1000;0;0;5.402E-6
1000;0;0;1.8037E-4
1000;1000998;499500;5.55756E-4
1000;19372;12861;2.16704E-4
1100;304832;304832;4.01444E-4
1100;304832;304832;2.20941E-4
1100;1211098;604450;6.73938E-4
1100;21606;14278;2.2522E-4
1100;0;0;5.951E-6
1100;0;0;2.1237E-4
1100;1211098;604450;6.46025E-4
1100;21606;14278;2.25908E-4
1100;0;0;5.931E-6
1100;0;0;2.00786E-4
1100;1211098;604450;6.4993E-4
1100;21606;14278;2.2623E-4
1100;0;0;5.913E-6
1100;0;0;2.21333E-4
1100;1211098;604450;6.62693E-4
1100;21606;14278;2.32097E-4
1100;0;0;6.135E-6
1100;0;0;2.10331E-4
1100;1211098;604450;6.66445E-4
1100;21606;14278;2.3293E-4
1100;0;0;2.685E-6
1100;0;0;2.10418E-4
1100;1211098;604450;6.66302E-4
1100;21606;14278;2.31829E-4
1200;362341;362341;3.87464E-4
1200;362341;362341;2.39862E-4
1200;1441198;719400;7.9219E-4
1200;23966;15732;2.57101E-4
1200;0;0;2.866E-6
1200;0;0;2.75481E-4
1200;1441198;719400;7.77331E-4
1200;23966;15732;2.76292E-4
1200;0;0;2.864E-6
1200;0;0;2.45235E-4
1200;1441198;719400;7.64335E-4
1200;23966;15732;2.7609E-4
1200;0;0;2.847E-6
1200;0;0;2.50432E-4
1200;1441198;719400;8.07413E-4
1200;23966;15732;2.10497E-4
1200;0;0;2.839E-6
1200;0;0;1.70478E-4
1200;1441198;719400;7.6406E-4
1200;23966;15732;1.82127E-4
1200;0;0;2.745E-6
1200;0;0;1.57566E-4
1200;1441198;719400;8.133E-4
1200;23966;15732;1.79056E-4
1300;415339;415339;4.29995E-4
1300;415339;415339;1.83472E-4
1300;1691298;844350;8.92188E-4
1300;26314;17311;1.95997E-4
1300;0;0;2.98E-6
1300;0;0;1.83651E-4
1300;1691298;844350;9.35041E-4
1300;26314;17311;1.00161E-4
1300;0;0;2.963E-6
1300;0;0;1.83745E-4
1300;1691298;844350;9.38904E-4
1300;26314;17311;8.8804E-5
1300;0;0;2.964E-6
1300;0;0;2.05189E-4
1300;1691298;844350;9.07454E-4
1300;26314;17311;8.708E-5
1300;0;0;2.867E-6
1300;0;0;1.78331E-4
1300;1691298;844350;8.66197E-4
1300;26314;17311;8.7173E-5
1300;0;0;2.88E-6
1300;0;0;1.78375E-4
1300;1691298;844350;8.66186E-4
1300;26314;17311;8.5945E-5
1400;502774;502774;5.04503E-4
1400;502774;502774;2.05666E-4
1400;1961398;979300;9.99965E-4
1400;28676;18889;9.5464E-5
1400;0;0;3.07E-6
1400;0;0;2.05847E-4
1400;1961398;979300;9.99846E-4
1400;28676;18889;9.457E-5
1400;0;0;3.057E-6
1400;0;0;2.05786E-4
1400;1961398;979300;9.99773E-4
1400;28676;18889;9.5022E-5
1400;0;0;3.059E-6
1400;0;0;2.0562E-4
1400;1961398;979300;0.001003135
1400;28676;18889;9.3549E-5
1400;0;0;3.089E-6
1400;0;0;2.05867E-4
1400;1961398;979300;9.99941E-4
1400;28676;18889;9.3414E-5
1400;0;0;3.061E-6
1400;0;0;2.05572E-4
1400;1961398;979300;9.99928E-4
1400;28676;18889;9.3215E-5
1500;559544;559544;5.61176E-4
1500;559544;559544;2.89562E-4
1500;2251498;1124250;0.001143518
1500;31034;20496;1.041E-4
1500;0;0;3.273E-6
1500;0;0;2.34694E-4
1500;2251498;1124250;0.001143424
1500;31034;20496;1.33025E-4
1500;0;0;3.486E-6
1500;0;0;2.49766E-4
1500;2251498;1124250;0.001192295
1500;31034;20496;1.02205E-4
1500;0;0;3.285E-6
1500;0;0;2.5614E-4
1500;2251498;1124250;0.001146229
1500;31034;20496;1.46037E-4
1500;0;0;3.382E-6
1500;0;0;2.41987E-4
1500;2251498;1124250;0.001178115
1500;31034;20496;1.04478E-4
1500;0;0;3.376E-6
1500;0;0;2.42069E-4
1500;2251498;1124250;0.001178067
1500;31034;20496;1.0476E-4
1600;625216;625216;6.45571E-4
1600;625216;625216;2.8474E-4
1600;2561598;1279200;0.001383452
1600;33394;22088;1.13622E-4
1600;0;0;3.602E-6
1600;0;0;2.74808E-4
1600;2561598;1279200;0.001332039
1600;33394;22088;1.54188E-4
1600;0;0;3.666E-6
1600;0;0;2.74402E-4
1600;2561598;1279200;0.001366681
1600;33394;22088;1.1246E-4
1600;0;0;3.584E-6
1600;0;0;2.74078E-4
1600;2561598;1279200;0.001335738
1600;33394;22088;1.12262E-4
1600;0;0;3.59E-6
1600;0;0;2.74185E-4
1600;2561598;1279200;0.001353138
1600;33394;22088;1.86161E-4
1600;0;0;3.586E-6
1600;0;0;2.74213E-4
1600;2561598;1279200;0.001357565
1600;33394;22088;1.12296E-4
1700;712921;712921;7.59286E-4
1700;712921;712921;3.1893E-4
1700;2891698;1444150;0.001538951
1700;35720;23598;1.25378E-4
1700;0;0;3.944E-6
1700;0;0;3.2041E-4
1700;2891698;1444150;0.001523151
1700;35720;23598;1.73599E-4
1700;0;0;3.843E-6
1700;0;0;3.08909E-4
1700;2891698;1444150;0.001503423
1700;35720;23598;1.19876E-4
1700;0;0;3.79E-6
1700;0;0;3.27128E-4
1700;2891698;1444150;0.001503358
1700;35720;23598;1.19289E-4
1700;0;0;3.773E-6
1700;0;0;3.08068E-4
1700;2891698;1444150;0.001541429
1700;35720;23598;1.19867E-4
1700;0;0;3.787E-6
1700;0;0;3.08562E-4
1700;2891698;1444150;0.001545738
1700;35720;23598;1.95666E-4
1800;811534;811534;8.12149E-4
1800;811534;811534;3.37915E-4
1800;3241798;1619100;0.001635042
1800;38018;25248;1.63254E-4
1800;0;0;3.935E-6
1800;0;0;3.34653E-4
1800;3241798;1619100;0.001652506
1800;38018;25248;1.71545E-4
1800;0;0;4.151E-6
1800;0;0;3.5605E-4
1800;3241798;1619100;0.001673082
1800;38018;25248;1.57322E-4
1800;0;0;3.905E-6
1800;0;0;3.35187E-4
1800;3241798;1619100;0.001630772
1800;38018;25248;2.02527E-4
1800;0;0;4.049E-6
1800;0;0;3.43761E-4
1800;3241798;1619100;0.001683679
1800;38018;25248;1.47589E-4
1800;0;0;4.025E-6
1800;0;0;3.45898E-4
1800;3241798;1619100;0.001680445
1800;38018;25248;1.47604E-4
1900;906256;906256;9.55777E-4
1900;906256;906256;4.05486E-4
1900;3611898;1804050;0.001942839
1900;40402;26915;1.25972E-4
1900;0;0;4.103E-6
1900;0;0;3.72267E-4
1900;3611898;1804050;0.001812804
1900;40402;26915;1.22686E-4
1900;0;0;4.098E-6
1900;0;0;3.71405E-4
1900;3611898;1804050;0.001815407
1900;40402;26915;1.20776E-4
1900;0;0;4.091E-6
1900;0;0;3.71996E-4
1900;3611898;1804050;0.00181542
1900;40402;26915;1.20291E-4
1900;0;0;4.091E-6
1900;0;0;3.71664E-4
1900;3611898;1804050;0.001812575
1900;40402;26915;1.21806E-4
1900;0;0;4.078E-6
1900;0;0;3.72335E-4
1900;3611898;1804050;0.001812681
1900;40402;26915;1.19822E-4
2000;1028636;1028636;0.001031443
2000;1028636;1028636;4.13435E-4
2000;4001998;1999000;0.002007417
2000;42778;28613;1.29029E-4
2000;0;0;4.314E-6
2000;0;0;4.1098E-4
2000;4001998;1999000;0.002003882
2000;42778;28613;1.27385E-4
2000;0;0;4.298E-6
2000;0;0;4.11107E-4
2000;4001998;1999000;0.00200402
2000;42778;28613;1.27269E-4
2000;0;0;4.297E-6
2000;0;0;4.10388E-4
2000;4001998;1999000;0.002006966
2000;42778;28613;1.2754E-4
2000;0;0;4.298E-6
2000;0;0;4.11364E-4
2000;4001998;1999000;0.002003908
2000;42778;28613;1.26412E-4
2000;0;0;4.309E-6
2000;0;0;4.10427E-4
2000;4001998;1999000;0.002003881
2000;42778;28613;1.27233E-4
2100;1106684;1106684;0.001106357
2100;1106684;1106684;4.51667E-4
2100;4412098;2203950;0.00221028
2100;45278;30326;1.36072E-4
2100;0;0;4.538E-6
2100;0;0;4.52048E-4
2100;4412098;2203950;0.002241515
2100;45278;30326;1.35015E-4
2100;0;0;4.516E-6
2100;0;0;4.5178E-4
2100;4412098;2203950;0.002204646
2100;45278;30326;1.34308E-4
2100;0;0;4.51E-6
2100;0;0;4.51431E-4
2100;4412098;2203950;0.002204502
2100;45278;30326;1.34533E-4
2100;0;0;4.505E-6
2100;0;0;4.51801E-4
2100;4412098;2203950;0.002229978
2100;45278;30326;1.34091E-4
2100;0;0;4.501E-6
2100;0;0;4.52185E-4
2100;4412098;2203950;0.002204732
2100;45278;30326;1.34599E-4
2200;1207922;1207922;0.001207838
2200;1207922;1207922;4.94843E-4
2200;4842198;2418900;0.002419091
2200;47766;31795;1.42969E-4
2200;0;0;4.741E-6
2200;0;0;4.94737E-4
2200;4842198;2418900;0.002418213
2200;47766;31795;1.41809E-4
2200;0;0;5.03E-6
2200;0;0;5.20072E-4
2200;4842198;2418900;0.002455936
2200;47766;31795;1.43143E-4
2200;0;0;4.737E-6
2200;0;0;5.41304E-4
2200;4842198;2418900;0.002427204
2200;47766;31795;1.43285E-4
2200;0;0;4.718E-6
2200;0;0;4.95258E-4
2200;4842198;2418900;0.002418317
2200;47766;31795;1.42116E-4
2200;0;0;4.715E-6
2200;0;0;5.49455E-4
2200;4842198;2418900;0.00241503
2200;47766;31795;1.41764E-4
2300;1309027;1309027;0.001309042
2300;1309027;1309027;5.66882E-4
2300;5292298;2643850;0.002696484
2300;50338;33447;1.50123E-4
2300;0;0;4.94E-6
2300;0;0;5.40329E-4
2300;5292298;2643850;0.002637997
2300;50338;33447;1.5011E-4
2300;0;0;4.889E-6
2300;0;0;5.39871E-4
2300;5292298;2643850;0.002635255
2300;50338;33447;1.49513E-4
2300;0;0;4.92E-6
2300;0;0;5.39456E-4
2300;5292298;2643850;0.002635245
2300;50338;33447;1.48909E-4
2300;0;0;4.895E-6
2300;0;0;5.39881E-4
2300;5292298;2643850;0.002682094
2300;50338;33447;1.49824E-4
2300;0;0;4.917E-6
2300;0;0;5.39827E-4
2300;5292298;2643850;0.002635204
2300;50338;33447;1.48015E-4
2400;1446442;1446442;0.001445551
2400;1446442;1446442;5.86796E-4
2400;5762398;2878800;0.003220494
2400;52888;35112;1.56256E-4
2400;0;0;5.127E-6
2400;0;0;5.86705E-4
2400;5762398;2878800;0.002865061
2400;52888;35112;1.57254E-4
2400;0;0;5.121E-6
2400;0;0;5.86676E-4
2400;5762398;2878800;0.002865066
2400;52888;35112;1.59306E-4
2400;0;0;5.143E-6
2400;0;0;5.89677E-4
2400;5762398;2878800;0.002864763
2400;52888;35112;1.58508E-4
2400;0;0;5.13E-6
2400;0;0;6.01469E-4
2400;5762398;2878800;0.00286752
2400;52888;35112;1.56542E-4
2400;0;0;5.126E-6
2400;0;0;5.87532E-4
2400;5762398;2878800;0.00304015
2400;52888;35112;1.56681E-4
2500;1550074;1550074;0.001549176
2500;1550074;1550074;6.35549E-4
2500;6252498;3123750;0.003196858
2500;55438;36779;1.6251E-4
2500;0;0;5.36E-6
2500;0;0;6.35148E-4
2500;6252498;3123750;0.003107138
2500;55438;36779;1.64577E-4
2500;0;0;5.331E-6
2500;0;0;6.3542E-4
2500;6252498;3123750;0.003104234
2500;55438;36779;1.62657E-4
2500;0;0;5.311E-6
2500;0;0;6.35239E-4
2500;6252498;3123750;0.003103843
2500;55438;36779;1.62945E-4
2500;0;0;5.314E-6
2500;0;0;6.3506E-4
2500;6252498;3123750;0.003106441
2500;55438;36779;1.6591E-4
2500;0;0;5.334E-6
2500;0;0;6.35319E-4
2500;6252498;3123750;0.003148252
2500;55438;36779;1.63082E-4
2600;1697602;1697602;0.001695314
2600;1697602;1697602;6.86559E-4
2600;6762598;3378700;0.003403986
2600;58054;38554;1.71986E-4
2600;0;0;5.554E-6
2600;0;0;6.86521E-4
2600;6762598;3378700;0.00348534
2600;58054;38554;1.69333E-4
2600;0;0;5.557E-6
2600;0;0;6.86226E-4
2600;6762598;3378700;0.003368327
2600;58054;38554;1.97785E-4
2600;0;0;6.274E-6
2600;0;0;7.84695E-4
2600;6762598;3378700;0.003619035
2600;58054;38554;1.70294E-4
2600;0;0;5.653E-6
2600;0;0;7.40322E-4
2600;6762598;3378700;0.003402098
2600;58054;38554;1.71577E-4
2600;0;0;5.548E-6
2600;0;0;6.86202E-4
2600;6762598;3378700;0.003441696
2600;58054;38554;2.63014E-4
2700;1826359;1826359;0.001937961
2700;1826359;1826359;8.10591E-4
2700;7292698;3643650;0.003885775
2700;60604;40207;1.88465E-4
2700;0;0;6.212E-6
2700;0;0;7.86331E-4
2700;7292698;3643650;0.00396282
2700;60604;40207;1.81385E-4
2700;0;0;1.6699E-5
2700;0;0;7.72987E-4
2700;7292698;3643650;0.003883517
2700;60604;40207;1.81485E-4
2700;0;0;5.904E-6
2700;0;0;9.44059E-4
2700;7292698;3643650;0.00409663
2700;60604;40207;2.27058E-4
2700;0;0;5.905E-6
2700;0;0;8.38635E-4
2700;7292698;3643650;0.004187321
2700;60604;40207;1.95655E-4
2700;0;0;6.104E-6
2700;0;0;7.93395E-4
2700;7292698;3643650;0.004173225
2700;60604;40207;1.81202E-4
2800;1963301;1963301;0.002019706
2800;1963301;1963301;8.39878E-4
2800;7842798;3918600;0.004005944
2800;63126;41887;1.91163E-4
2800;0;0;6.141E-6
2800;0;0;8.17733E-4
2800;7842798;3918600;0.003996894
2800;63126;41887;1.89761E-4
2800;0;0;6.112E-6
2800;0;0;8.15005E-4
2800;7842798;3918600;0.003925921
2800;63126;41887;1.84886E-4
2800;0;0;5.928E-6
2800;0;0;7.9405E-4
2800;7842798;3918600;0.004023482
2800;63126;41887;1.95726E-4
2800;0;0;6.309E-6
2800;0;0;7.93682E-4
2800;7842798;3918600;0.003952273
2800;63126;41887;1.84734E-4
2800;0;0;5.961E-6
2800;0;0;7.94806E-4
2800;7842798;3918600;0.00414888
2800;63126;41887;1.8448E-4
2900;2132272;2132272;0.002202789
2900;2132272;2132272;8.51494E-4
2900;8412898;4203550;0.004460396
2900;65660;43579;1.95921E-4
2900;0;0;1.7037E-5
2900;0;0;8.98171E-4
2900;8412898;4203550;0.004426834
2900;65660;43579;1.91888E-4
2900;0;0;6.231E-6
2900;0;0;8.50425E-4
2900;8412898;4203550;0.004156355
2900;65660;43579;1.91559E-4
2900;0;0;6.141E-6
2900;0;0;9.37143E-4
2900;8412898;4203550;0.004264798
2900;65660;43579;1.91186E-4
2900;0;0;6.161E-6
2900;0;0;8.50486E-4
2900;8412898;4203550;0.004334443
2900;65660;43579;1.92248E-4
2900;0;0;6.145E-6
2900;0;0;8.50037E-4
2900;8412898;4203550;0.004159407
2900;65660;43579;1.89976E-4
3000;2258266;2258266;0.002442639
3000;2258266;2258266;9.09417E-4
3000;9002998;4498500;0.005044582
3000;68206;45394;2.2476E-4
3000;0;0;7.221E-6
3000;0;0;9.9602E-4
3000;9002998;4498500;0.004446655
3000;68206;45394;1.99726E-4
3000;0;0;6.364E-6
3000;0;0;9.08957E-4
3000;9002998;4498500;0.004621866
3000;68206;45394;1.99152E-4
3000;0;0;6.349E-6
3000;0;0;9.12908E-4
3000;9002998;4498500;0.004635006
3000;68206;45394;1.98041E-4
3000;0;0;6.381E-6
3000;0;0;9.09669E-4
3000;9002998;4498500;0.004491793
3000;68206;45394;1.98669E-4
3000;0;0;6.353E-6
3000;0;0;9.73261E-4
3000;9002998;4498500;0.004555395
3000;68206;45394;1.98307E-4
3100;2376268;2376268;0.002370698
3100;2376268;2376268;0.001123064
3100;9613098;4803450;0.004769469
3100;70664;47090;2.08666E-4
3100;0;0;6.582E-6
3100;0;0;9.70402E-4
3100;9613098;4803450;0.004929228
3100;70664;47090;2.06222E-4
3100;0;0;6.553E-6
3100;0;0;9.70475E-4
3100;9613098;4803450;0.004925053
3100;70664;47090;2.0816E-4
3100;0;0;6.566E-6
3100;0;0;9.69543E-4
3100;9613098;4803450;0.004812451
3100;70664;47090;2.56096E-4
3100;0;0;7.462E-6
3100;0;0;0.001077161
3100;9613098;4803450;0.004765236
3100;70664;47090;2.07738E-4
3100;0;0;6.551E-6
3100;0;0;9.69772E-4
3100;9613098;4803450;0.004961823
3100;70664;47090;2.05669E-4
3200;2535728;2535728;0.002530845
3200;2535728;2535728;0.00116183
3200;10243198;5118400;0.005114188
3200;73314;48890;2.13571E-4
3200;0;0;6.79E-6
3200;0;0;0.001032364
3200;10243198;5118400;0.005893632
3200;73314;48890;2.78363E-4
3200;0;0;7.193E-6
3200;0;0;0.001218831
3200;10243198;5118400;0.006253963
3200;73314;48890;2.42835E-4
3200;0;0;8.117E-6
3200;0;0;0.001235459
3200;10243198;5118400;0.006180696
3200;73314;48890;2.60881E-4
3200;0;0;7.947E-6
3200;0;0;0.001406107
3200;10243198;5118400;0.00604677
3200;73314;48890;2.40728E-4
3200;0;0;7.794E-6
3200;0;0;0.001196138
3200;10243198;5118400;0.006023329
3200;73314;48890;2.53504E-4
3300;2746472;2746472;0.002864276
3300;2746472;2746472;0.001131779
3300;10893298;5443350;0.006112957
3300;75852;50564;2.48516E-4
3300;0;0;7.977E-6
3300;0;0;0.001256384
3300;10893298;5443350;0.006507149
3300;75852;50564;2.50321E-4
3300;0;0;8.419E-6
3300;0;0;0.001251168
3300;10893298;5443350;0.006397438
3300;75852;50564;2.58697E-4
3300;0;0;8.0E-6
3300;0;0;0.001278339
3300;10893298;5443350;0.00764145
3300;75852;50564;4.13355E-4
3300;0;0;8.284E-6
3300;0;0;0.001256207
3300;10893298;5443350;0.006150354
3300;75852;50564;3.02177E-4
3300;0;0;1.7563E-5
3300;0;0;0.001291643
3300;10893298;5443350;0.006285745
3300;75852;50564;2.97613E-4
3400;2934688;2934688;0.003453541
3400;2934688;2934688;0.001387888
3400;11563398;5778300;0.007174037
3400;78434;52275;2.54207E-4
3400;0;0;8.302E-6
3400;0;0;0.001364461
3400;11563398;5778300;0.006576712
3400;78434;52275;2.55274E-4
3400;0;0;8.492E-6
3400;0;0;0.001325317
3400;11563398;5778300;0.007470731
3400;78434;52275;3.28783E-4
3400;0;0;8.488E-6
3400;0;0;0.001656791
3400;11563398;5778300;0.006490273
3400;78434;52275;2.54749E-4
3400;0;0;8.205E-6
3400;0;0;0.001318668
3400;11563398;5778300;0.006683562
3400;78434;52275;2.79151E-4
3400;0;0;9.165E-6
3400;0;0;0.001351951
3400;11563398;5778300;0.006400032
3400;78434;52275;2.3205E-4
3500;3079394;3079394;0.003326125
3500;3079394;3079394;0.001439758
3500;12253498;6123250;0.00702719
3500;80938;54049;2.64554E-4
3500;0;0;8.483E-6
3500;0;0;0.001403861
3500;12253498;6123250;0.00648638
3500;80938;54049;2.6495E-4
3500;0;0;8.442E-6
3500;0;0;0.001433763
3500;12253498;6123250;0.00667082
3500;80938;54049;2.3955E-4
3500;0;0;7.707E-6
3500;0;0;0.001300854
3500;12253498;6123250;0.006462221
3500;80938;54049;2.73257E-4
3500;0;0;8.547E-6
3500;0;0;0.001399371
3500;12253498;6123250;0.006837376
3500;80938;54049;2.43854E-4
3500;0;0;7.739E-6
3500;0;0;0.001307753
3500;12253498;6123250;0.00636996
3500;80938;54049;2.54797E-4
3600;3221450;3221450;0.003730569
3600;3221450;3221450;0.001576753
3600;12963598;6478200;0.006843552
3600;83534;55916;2.77342E-4
3600;0;0;8.053E-6
3600;0;0;0.00138964
3600;12963598;6478200;0.007445555
3600;83534;55916;2.57643E-4
3600;0;0;8.004E-6
3600;0;0;0.001714394
3600;12963598;6478200;0.006927133
3600;83534;55916;2.70452E-4
3600;0;0;7.87E-6
3600;0;0;0.001379989
3600;12963598;6478200;0.007192942
3600;83534;55916;2.48067E-4
3600;0;0;8.082E-6
3600;0;0;0.001367918
3600;12963598;6478200;0.006790006
3600;83534;55916;2.72951E-4
3600;0;0;8.041E-6
3600;0;0;0.001366438
3600;12963598;6478200;0.007273136
3600;83534;55916;3.12752E-4
3700;3419529;3419529;0.00350706
3700;3419529;3419529;0.001419786
3700;13693698;6843150;0.007395004
3700;86130;57673;2.98173E-4
3700;0;0;8.923E-6
3700;0;0;0.001536807
3700;13693698;6843150;0.007072032
3700;86130;57673;2.57993E-4
3700;0;0;8.157E-6
3700;0;0;0.00138938
3700;13693698;6843150;0.007485402
3700;86130;57673;2.50588E-4
3700;0;0;7.961E-6
3700;0;0;0.001473344
3700;13693698;6843150;0.006990439
3700;86130;57673;2.54946E-4
3700;0;0;8.15E-6
3700;0;0;0.001446408
3700;13693698;6843150;0.007501692
3700;86130;57673;2.45972E-4
3700;0;0;7.9E-6
3700;0;0;0.001374717
3700;13693698;6843150;0.006845184
3700;86130;57673;2.72737E-4
3800;3655437;3655437;0.004185775
3800;3655437;3655437;0.001709005
3800;14443798;7218100;0.007606417
3800;88550;59338;2.60558E-4
3800;0;0;8.377E-6
3800;0;0;0.001544963
3800;14443798;7218100;0.008378486
3800;88550;59338;2.62752E-4
3800;0;0;8.42E-6
3800;0;0;0.001611413
3800;14443798;7218100;0.007897038
3800;88550;59338;2.60072E-4
3800;0;0;8.313E-6
3800;0;0;0.001706688
3800;14443798;7218100;0.008180173
3800;88550;59338;2.63303E-4
3800;0;0;8.458E-6
3800;0;0;0.0015486
3800;14443798;7218100;0.007739347
3800;88550;59338;2.92289E-4
3800;0;0;9.261E-6
3800;0;0;0.001694994
3800;14443798;7218100;0.007632079
3800;88550;59338;2.68608E-4
3900;3802151;3802151;0.004009542
3900;3802151;3802151;0.001744465
3900;15213898;7603050;0.00809031
3900;91116;61208;2.69424E-4
3900;0;0;8.61E-6
3900;0;0;0.001571562
3900;15213898;7603050;0.008091098
3900;91116;61208;2.94896E-4
3900;0;0;9.42E-6
3900;0;0;0.001655522
3900;15213898;7603050;0.007659081
3900;91116;61208;2.60502E-4
3900;0;0;8.29E-6
3900;0;0;0.001635637
3900;15213898;7603050;0.008435237
3900;91116;61208;2.67695E-4
3900;0;0;8.549E-6
3900;0;0;0.001571909
3900;15213898;7603050;0.007725191
3900;91116;61208;2.99088E-4
3900;0;0;9.329E-6
3900;0;0;0.001758869
3900;15213898;7603050;0.007811586
3900;91116;61208;2.59745E-4
4000;3909816;3909816;0.003900648
4000;3909816;3909816;0.001649901
4000;16003998;7998000;0.008635341
4000;93696;63039;2.72006E-4
4000;0;0;8.75E-6
4000;0;0;0.001603844
4000;16003998;7998000;0.008063218
4000;93696;63039;3.06195E-4
4000;0;0;9.698E-6
4000;0;0;0.00177581
4000;16003998;7998000;0.008095558
4000;93696;63039;2.6597E-4
4000;0;0;8.523E-6
4000;0;0;0.001701601
4000;16003998;7998000;0.008562234
4000;93696;63039;2.65743E-4
4000;0;0;8.627E-6
4000;0;0;0.001605016
4000;16003998;7998000;0.007847102
4000;93696;63039;3.04382E-4
4000;0;0;8.461E-6
4000;0;0;0.001649605
4000;16003998;7998000;0.008854592
4000;93696;63039;2.65067E-4
4100;4220744;4220744;0.00470369
4100;4220744;4220744;0.001799461
4100;16814098;8402950;0.008902456
4100;96150;64945;2.82168E-4
4100;0;0;8.97E-6
4100;0;0;0.001735446
4100;16814098;8402950;0.009075265
4100;96150;64945;3.8312E-4
4100;0;0;3.4979E-5
4100;0;0;0.001977488
4100;16814098;8402950;0.009264251
4100;96150;64945;3.15108E-4
4100;0;0;8.669E-6
4100;0;0;0.001809503
4100;16814098;8402950;0.008698403
4100;96150;64945;2.74109E-4
4100;0;0;8.693E-6
4100;0;0;0.001685085
4100;16814098;8402950;0.008626963
4100;96150;64945;3.16287E-4
4100;0;0;1.0042E-5
4100;0;0;0.001817247
4100;16814098;8402950;0.008602473
4100;96150;64945;2.72373E-4
4200;4417526;4417526;0.005361891
4200;4417526;4417526;0.00195346
4200;17644198;8817900;0.008791121
4200;98858;66530;2.82376E-4
4200;0;0;9.004E-6
4200;0;0;0.001863633
4200;17644198;8817900;0.009116727
4200;98858;66530;2.82786E-4
4200;0;0;8.88E-6
4200;0;0;0.001835727
4200;17644198;8817900;0.009523462
4200;98858;66530;3.2397E-4
4200;0;0;1.019E-5
4200;0;0;0.002331564
4200;17644198;8817900;0.012143804
4200;98858;66530;3.32459E-4
4200;0;0;1.0602E-5
4200;0;0;0.002073293
4200;17644198;8817900;0.009548311
4200;98858;66530;2.99626E-4
4200;0;0;9.499E-6
4200;0;0;0.002049269
4200;17644198;8817900;0.010080338
4200;98858;66530;3.0226E-4
4300;4628289;4628289;0.00530853
4300;4628289;4628289;0.002402776
4300;18494298;9242850;0.009940682
4300;101772;68345;2.97889E-4
4300;0;0;9.54E-6
4300;0;0;0.001967363
4300;18494298;9242850;0.009834179
4300;101772;68345;3.37422E-4
4300;0;0;9.813E-6
4300;0;0;0.001967438
4300;18494298;9242850;0.010785845
4300;101772;68345;2.97084E-4
4300;0;0;2.3121E-5
4300;0;0;0.002028341
4300;18494298;9242850;0.010165312
4300;101772;68345;3.37783E-4
4300;0;0;4.2316E-5
4300;0;0;0.002144905
4300;18494298;9242850;0.010581697
4300;101772;68345;4.19256E-4
4300;0;0;1.036E-5
4300;0;0;0.00242022
4300;18494298;9242850;0.013161313
4300;101772;68345;3.28654E-4
4400;4774183;4774183;0.006046138
4400;4774183;4774183;0.002423759
4400;19364398;9677800;0.011219539
4400;104516;70084;3.15338E-4
4400;0;0;9.805E-6
4400;0;0;0.002215848
4400;19364398;9677800;0.010328705
4400;104516;70084;3.14848E-4
4400;0;0;9.821E-6
4400;0;0;0.002062598
4400;19364398;9677800;0.010333576
4400;104516;70084;3.14854E-4
4400;0;0;9.809E-6
4400;0;0;0.00222113
4400;19364398;9677800;0.013923112
4400;104516;70084;3.51992E-4
4400;0;0;9.629E-6
4400;0;0;0.002420982
4400;19364398;9677800;0.012250251
4400;104516;70084;3.15754E-4
4400;0;0;9.912E-6
4400;0;0;0.00230517
4400;19364398;9677800;0.011121958
4400;104516;70084;3.95484E-4
4500;5030175;5030175;0.005981642
4500;5030175;5030175;0.00230516
4500;20254498;10122750;0.01194313
4500;107218;71835;3.4219E-4
4500;0;0;1.0687E-5
4500;0;0;0.002320553
4500;20254498;10122750;0.012239233
4500;107218;71835;4.31346E-4
4500;0;0;1.099E-5
4500;0;0;0.00238072
4500;20254498;10122750;0.011699183
4500;107218;71835;3.12459E-4
4500;0;0;9.737E-6
4500;0;0;0.002310039
4500;20254498;10122750;0.010695436
4500;107218;71835;3.52643E-4
4500;0;0;9.784E-6
4500;0;0;0.002329225
4500;20254498;10122750;0.011481715
4500;107218;71835;3.45034E-4
4500;0;0;1.0807E-5
4500;0;0;0.002456523
4500;20254498;10122750;0.011366442
4500;107218;71835;3.24212E-4
4600;5335358;5335358;0.006410109
4600;5335358;5335358;0.002445324
4600;21164598;10577700;0.011777916
4600;110072;73731;4.02255E-4
4600;0;0;1.1021E-5
4600;0;0;0.002629499
4600;21164598;10577700;0.0117996
4600;110072;73731;4.37134E-4
4600;0;0;1.109E-5
4600;0;0;0.003037943
4600;21164598;10577700;0.012311216
4600;110072;73731;3.56925E-4
4600;0;0;3.2098E-5
4600;0;0;0.002873517
4600;21164598;10577700;0.012484663
4600;110072;73731;3.91706E-4
4600;0;0;1.0945E-5
4600;0;0;0.002836852
4600;21164598;10577700;0.012076989
4600;110072;73731;3.35136E-4
4600;0;0;1.0056E-5
4600;0;0;0.002382895
4600;21164598;10577700;0.01147496
4600;110072;73731;3.49726E-4
4700;5449855;5449855;0.005940527
4700;5449855;5449855;0.002567783
4700;22094698;11042650;0.011974959
4700;112656;75383;3.6159E-4
4700;0;0;1.1176E-5
4700;0;0;0.002540298
4700;22094698;11042650;0.011477388
4700;112656;75383;3.18215E-4
4700;0;0;9.858E-6
4700;0;0;0.002507082
4700;22094698;11042650;0.011831604
4700;112656;75383;3.29164E-4
4700;0;0;1.0159E-5
4700;0;0;0.002319754
4700;22094698;11042650;0.011899613
4700;112656;75383;3.18297E-4
4700;0;0;9.937E-6
4700;0;0;0.002207011
4700;22094698;11042650;0.011801106
4700;112656;75383;3.19196E-4
4700;0;0;9.892E-6
4700;0;0;0.002276802
4700;22094698;11042650;0.011759109
4700;112656;75383;3.29021E-4
4800;5827029;5827029;0.005984851
4800;5827029;5827029;0.002373851
4800;23044798;11517600;0.013327561
4800;115444;77129;3.35795E-4
4800;0;0;1.0414E-5
4800;0;0;0.002647548
4800;23044798;11517600;0.01301361
4800;115444;77129;3.37055E-4
4800;0;0;1.0469E-5
4800;0;0;0.002509462
4800;23044798;11517600;0.012705765
4800;115444;77129;3.36154E-4
4800;0;0;1.0536E-5
4800;0;0;0.002371654
4800;23044798;11517600;0.012535407
4800;115444;77129;3.34007E-4
4800;0;0;1.042E-5
4800;0;0;0.002479503
4800;23044798;11517600;0.012323369
4800;115444;77129;3.35228E-4
4800;0;0;1.0357E-5
4800;0;0;0.002446269
4800;23044798;11517600;0.012507598
4800;115444;77129;3.36305E-4
4900;5981598;5981598;0.006166995
4900;5981598;5981598;0.00253865
4900;24014898;12002550;0.01287926
4900;118234;79052;3.5837E-4
4900;0;0;1.0581E-5
4900;0;0;0.002556694
4900;24014898;12002550;0.026337274
4900;118234;79052;5.88321E-4
4900;0;0;2.2114E-5
4900;0;0;0.005369271
4900;24014898;12002550;0.028023301
4900;118234;79052;5.55751E-4
4900;0;0;2.1811E-5
4900;0;0;0.00826452
4900;24014898;12002550;0.040421293
4900;118234;79052;4.73272E-4
4900;0;0;1.8664E-5
4900;0;0;0.014847584
4900;24014898;12002550;0.040674411
4900;118234;79052;5.07506E-4
4900;0;0;2.1015E-5
4900;0;0;0.004788053
4900;24014898;12002550;0.050348343
4900;118234;79052;5.76469E-4
5000;6219654;6219654;0.021837935
5000;6219654;6219654;0.012373972
5000;25004998;12497500;0.032263399
5000;121068;80959;0.001932439
5000;0;0;2.443E-5
5000;0;0;0.005309072
5000;25004998;12497500;0.047860396
5000;121068;80959;5.47556E-4
5000;0;0;1.2007E-5
5000;0;0;0.003895302
5000;25004998;12497500;0.027002721
5000;121068;80959;4.80623E-4
5000;0;0;2.0069E-5
5000;0;0;0.004064835
5000;25004998;12497500;0.020666791
5000;121068;80959;4.13257E-4
5000;0;0;1.1325E-5
5000;0;0;0.002664953
5000;25004998;12497500;0.015507236
5000;121068;80959;3.60604E-4
5000;0;0;1.1198E-5
5000;0;0;0.002875924
5000;25004998;12497500;0.014294053
5000;121068;80959;3.5133E-4
5100;6380533;6380533;0.006971245
5100;6380533;6380533;0.002700035
5100;26015098;13002450;0.014020093
5100;123740;82768;3.6012E-4
5100;0;0;1.1103E-5
5100;0;0;0.002929483
5100;26015098;13002450;0.014118531
5100;123740;82768;3.71587E-4
5100;0;0;1.154E-5
5100;0;0;0.003262545
5100;26015098;13002450;0.014348618
5100;123740;82768;3.70704E-4
5100;0;0;1.1446E-5
5100;0;0;0.002756743
5100;26015098;13002450;0.014198278
5100;123740;82768;3.71129E-4
5100;0;0;1.1624E-5
5100;0;0;0.005987194
5100;26015098;13002450;0.014822634
5100;123740;82768;4.81264E-4
5100;0;0;1.258E-5
5100;0;0;0.003006542
5100;26015098;13002450;0.013853847
5100;123740;82768;3.58957E-4
5200;6759637;6759637;0.007592208
5200;6759637;6759637;0.002855369
5200;27045198;13517400;0.01488654
5200;126496;84561;3.65966E-4
5200;0;0;1.1328E-5
5200;0;0;0.002776994
5200;27045198;13517400;0.014970529
5200;126496;84561;3.89678E-4
5200;0;0;1.1465E-5
5200;0;0;0.003339561
5200;27045198;13517400;0.014079222
5200;126496;84561;5.02635E-4
5200;0;0;1.6828E-5
5200;0;0;0.00321206
5200;27045198;13517400;0.014624156
5200;126496;84561;3.65489E-4
5200;0;0;1.1321E-5
5200;0;0;0.002776637
5200;27045198;13517400;0.014814979
5200;126496;84561;4.31035E-4
5200;0;0;1.3242E-5
5200;0;0;0.002932092
5200;27045198;13517400;0.014307398
5200;126496;84561;3.65281E-4
5300;6966572;6966572;0.007353586
5300;6966572;6966572;0.003035779
5300;28095298;14042350;0.014296098
5300;129286;86361;3.76246E-4
5300;0;0;1.1882E-5
5300;0;0;0.002938578
5300;28095298;14042350;0.014337932
5300;129286;86361;3.74167E-4
5300;0;0;1.1531E-5
5300;0;0;0.002890305
5300;28095298;14042350;0.014292463
5300;129286;86361;3.75419E-4
5300;0;0;1.1338E-5
5300;0;0;0.002885257
5300;28095298;14042350;0.014240003
5300;129286;86361;3.79824E-4
5300;0;0;1.151E-5
5300;0;0;0.002957398
5300;28095298;14042350;0.014225089
5300;129286;86361;3.75989E-4
5300;0;0;1.1586E-5
5300;0;0;0.002916683
5300;28095298;14042350;0.014487928
5300;129286;86361;3.74507E-4
5400;7264384;7264384;0.007783817
5400;7264384;7264384;0.003192078
5400;29165398;14577300;0.014861316
5400;132000;88131;4.21087E-4
5400;0;0;1.289E-5
5400;0;0;0.003050193
5400;29165398;14577300;0.018359464
5400;132000;88131;4.4245E-4
5400;0;0;1.2993E-5
5400;0;0;0.003757732
5400;29165398;14577300;0.016907092
5400;132000;88131;4.36639E-4
5400;0;0;3.6613E-5
5400;0;0;0.004361121
5400;29165398;14577300;0.020969117
5400;132000;88131;4.33129E-4
5400;0;0;1.2178E-5
5400;0;0;0.003297796
5400;29165398;14577300;0.017337353
5400;132000;88131;5.00077E-4
5400;0;0;1.2174E-5
5400;0;0;0.003281925
5400;29165398;14577300;0.015386173
5400;132000;88131;3.79061E-4
5500;7705350;7705350;0.008127984
5500;7705350;7705350;0.00314524
5500;30255498;15122250;0.015788076
5500;134778;90078;3.77194E-4
5500;0;0;1.151E-5
5500;0;0;0.003058014
5500;30255498;15122250;0.015228848
5500;134778;90078;3.77914E-4
5500;0;0;1.1458E-5
5500;0;0;0.003096723
5500;30255498;15122250;0.015136876
5500;134778;90078;3.79395E-4
5500;0;0;1.1824E-5
5500;0;0;0.0033247
5500;30255498;15122250;0.015346833
5500;134778;90078;3.78274E-4
5500;0;0;1.1885E-5
5500;0;0;0.003142319
5500;30255498;15122250;0.017002279
5500;134778;90078;4.20472E-4
5500;0;0;1.2008E-5
5500;0;0;0.00315102
5500;30255498;15122250;0.016173942
5500;134778;90078;4.00761E-4
5600;7768989;7768989;0.009026565
5600;7768989;7768989;0.003657869
5600;31365598;15677200;0.019368642
5600;137418;91855;4.70621E-4
5600;0;0;1.2755E-5
5600;0;0;0.003623862
5600;31365598;15677200;0.036727895
5600;137418;91855;6.68543E-4
5600;0;0;2.5811E-5
5600;0;0;0.005390417
5600;31365598;15677200;0.021258454
5600;137418;91855;4.36365E-4
5600;0;0;1.3431E-5
5600;0;0;0.004158821
5600;31365598;15677200;0.018960386
5600;137418;91855;4.42579E-4
5600;0;0;1.358E-5
5600;0;0;0.00385764
5600;31365598;15677200;0.017999561
5600;137418;91855;4.37125E-4
5600;0;0;1.3361E-5
5600;0;0;0.003546235
5600;31365598;15677200;0.020193332
5600;137418;91855;4.27573E-4
5700;8196375;8196375;0.009143495
5700;8196375;8196375;0.003522826
5700;32495698;16242150;0.017513021
5700;140326;93828;4.05145E-4
5700;0;0;1.2312E-5
5700;0;0;0.003655072
5700;32495698;16242150;0.018110173
5700;140326;93828;4.56577E-4
5700;0;0;1.3562E-5
5700;0;0;0.003638094
5700;32495698;16242150;0.019304113
5700;140326;93828;4.3359E-4
5700;0;0;1.2873E-5
5700;0;0;0.003458758
5700;32495698;16242150;0.017728562
5700;140326;93828;4.16095E-4
5700;0;0;1.2662E-5
5700;0;0;0.003582828
5700;32495698;16242150;0.019482766
5700;140326;93828;4.68084E-4
5700;0;0;1.3664E-5
5700;0;0;0.003550208
5700;32495698;16242150;0.017422407
5700;140326;93828;4.44013E-4
5800;8439870;8439870;0.009092035
5800;8439870;8439870;0.003687256
5800;33645798;16817100;0.018051152
5800;143000;95606;4.09224E-4
5800;0;0;1.252E-5
5800;0;0;0.003451869
5800;33645798;16817100;0.017543058
5800;143000;95606;4.12919E-4
5800;0;0;1.249E-5
5800;0;0;0.003563762
5800;33645798;16817100;0.017838305
5800;143000;95606;4.86184E-4
5800;0;0;1.2751E-5
5800;0;0;0.003718489
5800;33645798;16817100;0.017284095
5800;143000;95606;4.89857E-4
5800;0;0;1.3836E-5
5800;0;0;0.003473628
5800;33645798;16817100;0.017093757
5800;143000;95606;4.5088E-4
5800;0;0;1.3825E-5
5800;0;0;0.003396004
5800;33645798;16817100;0.016598624
5800;143000;95606;4.30596E-4
5900;8574108;8574108;0.008586979
5900;8574108;8574108;0.003461558
5900;34815898;17402050;0.017049829
5900;145684;97579;4.117E-4
5900;0;0;1.227E-5
5900;0;0;0.00353269
5900;34815898;17402050;0.017019187
5900;145684;97579;4.05723E-4
5900;0;0;1.2243E-5
5900;0;0;0.003464402
5900;34815898;17402050;0.017048864
5900;145684;97579;4.10667E-4
5900;0;0;1.2247E-5
5900;0;0;0.003564038
5900;34815898;17402050;0.018544189
5900;145684;97579;4.19104E-4
5900;0;0;1.2628E-5
5900;0;0;0.004094697
5900;34815898;17402050;0.018497318
5900;145684;97579;4.19587E-4
5900;0;0;1.2643E-5
5900;0;0;0.003495437
5900;34815898;17402050;0.01771079
5900;145684;97579;4.06466E-4
6000;8978218;8978218;0.009253825
6000;8978218;8978218;0.003603071
6000;36005998;17997000;0.018256785
6000;148520;99512;5.2101E-4
6000;0;0;1.2877E-5
6000;0;0;0.003811985
6000;36005998;17997000;0.019643028
6000;148520;99512;4.25101E-4
6000;0;0;1.3253E-5
6000;0;0;0.003840229
6000;36005998;17997000;0.019922079
6000;148520;99512;4.53924E-4
6000;0;0;1.3422E-5
6000;0;0;0.003864425
6000;36005998;17997000;0.019850447
6000;148520;99512;4.3905E-4
6000;0;0;1.3457E-5
6000;0;0;0.004147904
6000;36005998;17997000;0.019136778
6000;148520;99512;4.39747E-4
6000;0;0;1.3613E-5
6000;0;0;0.00375798
6000;36005998;17997000;0.019067358
6000;148520;99512;4.26088E-4
6100;9299433;9299433;0.009913584
6100;9299433;9299433;0.003936375
6100;37216098;18601950;0.019486056
6100;151288;101568;4.4531E-4
6100;0;0;1.3101E-5
6100;0;0;0.003834166
6100;37216098;18601950;0.019532009
6100;151288;101568;4.34137E-4
6100;0;0;1.3102E-5
6100;0;0;0.00381451
6100;37216098;18601950;0.018496784
6100;151288;101568;4.89424E-4
6100;0;0;1.2708E-5
6100;0;0;0.0037071
6100;37216098;18601950;0.018216674
6100;151288;101568;4.20031E-4
6100;0;0;1.2711E-5
6100;0;0;0.003751838
6100;37216098;18601950;0.018412627
6100;151288;101568;4.25806E-4
6100;0;0;1.2698E-5
6100;0;0;0.003742537
6100;37216098;18601950;0.018229099
6100;151288;101568;4.35024E-4
6200;9484718;9484718;0.009682283
6200;9484718;9484718;0.003921272
6200;38446198;19216900;0.018815954
6200;153966;103296;4.77148E-4
6200;0;0;1.2889E-5
6200;0;0;0.003913106
6200;38446198;19216900;0.023189914
6200;153966;103296;5.45591E-4
6200;0;0;1.3887E-5
6200;0;0;0.004408095
6200;38446198;19216900;0.021610158
6200;153966;103296;4.53956E-4
6200;0;0;1.3882E-5
6200;0;0;0.00435502
6200;38446198;19216900;0.02040488
6200;153966;103296;4.40812E-4
6200;0;0;1.342E-5
6200;0;0;0.004183848
6200;38446198;19216900;0.023251597
6200;153966;103296;4.59128E-4
6200;0;0;2.2988E-5
6200;0;0;0.004437075
6200;38446198;19216900;0.022096705
6200;153966;103296;4.84979E-4
6300;9850722;9850722;0.011555434
6300;9850722;9850722;0.004723264
6300;39696298;19841850;0.021341677
6300;156462;104874;4.491E-4
6300;0;0;1.3649E-5
6300;0;0;0.004072562
6300;39696298;19841850;0.020853179
6300;156462;104874;6.3955E-4
6300;0;0;1.5415E-5
6300;0;0;0.004609835
6300;39696298;19841850;0.022904277
6300;156462;104874;5.14706E-4
6300;0;0;1.505E-5
6300;0;0;0.004330063
6300;39696298;19841850;0.021282972
6300;156462;104874;4.91451E-4
6300;0;0;1.5012E-5
6300;0;0;0.004109566
6300;39696298;19841850;0.02141726
6300;156462;104874;5.25831E-4
6300;0;0;1.3265E-5
6300;0;0;0.004585601
6300;39696298;19841850;0.028234416
6300;156462;104874;5.33704E-4
6400;10325421;10325421;0.016788632
6400;10325421;10325421;0.007051962
6400;40966398;20476800;0.028905765
6400;159340;106907;5.12777E-4
6400;0;0;1.5273E-5
6400;0;0;0.004707396
6400;40966398;20476800;0.023159702
6400;159340;106907;5.19558E-4
6400;0;0;1.5553E-5
6400;0;0;0.004657461
6400;40966398;20476800;0.024312944
6400;159340;106907;5.02135E-4
6400;0;0;1.5485E-5
6400;0;0;0.004379765
6400;40966398;20476800;0.021819281
6400;159340;106907;4.55848E-4
6400;0;0;1.3762E-5
6400;0;0;0.004257509
6400;40966398;20476800;0.02277887
6400;159340;106907;4.55741E-4
6400;0;0;1.3927E-5
6400;0;0;0.004775296
6400;40966398;20476800;0.023550772
6400;159340;106907;4.54931E-4
6500;10572914;10572914;0.011395378
6500;10572914;10572914;0.004485459
6500;42256498;21121750;0.022800053
6500;162026;108657;4.89034E-4
6500;0;0;1.5445E-5
6500;0;0;0.004645482
6500;42256498;21121750;0.022424899
6500;162026;108657;4.62803E-4
6500;0;0;1.4081E-5
6500;0;0;0.004383168
6500;42256498;21121750;0.023509504
6500;162026;108657;4.84518E-4
6500;0;0;1.4124E-5
6500;0;0;0.00447874
6500;42256498;21121750;0.023430066
6500;162026;108657;5.16266E-4
6500;0;0;1.6034E-5
6500;0;0;0.004822387
6500;42256498;21121750;0.021378077
6500;162026;108657;4.49081E-4
6500;0;0;1.3785E-5
6500;0;0;0.004272316
6500;42256498;21121750;0.020843671
6500;162026;108657;5.62538E-4
6600;10877033;10877033;0.01341822
6600;10877033;10877033;0.004832026
6600;43566598;21776700;0.021739947
6600;164918;110616;4.59465E-4
6600;0;0;1.3832E-5
6600;0;0;0.004325508
6600;43566598;21776700;0.021284325
6600;164918;110616;4.63701E-4
6600;0;0;1.3698E-5
6600;0;0;0.004392569
6600;43566598;21776700;0.021301823
6600;164918;110616;4.5626E-4
6600;0;0;1.3707E-5
6600;0;0;0.004326774
6600;43566598;21776700;0.021369822
6600;164918;110616;4.56978E-4
6600;0;0;1.3697E-5
6600;0;0;0.004407479
6600;43566598;21776700;0.021693371
6600;164918;110616;4.54862E-4
6600;0;0;1.3798E-5
6600;0;0;0.004427088
6600;43566598;21776700;0.023077029
6600;164918;110616;5.24836E-4
6700;11163124;11163124;0.012529889
6700;11163124;11163124;0.004928672
6700;44896698;22441650;0.024663418
6700;167522;112447;4.88167E-4
6700;0;0;1.4452E-5
6700;0;0;0.005150317
6700;44896698;22441650;0.024112061
6700;167522;112447;4.77615E-4
6700;0;0;1.4486E-5
6700;0;0;0.005361711
6700;44896698;22441650;0.024361684
6700;167522;112447;4.93197E-4
6700;0;0;1.5213E-5
6700;0;0;0.00502623
6700;44896698;22441650;0.023368136
6700;167522;112447;4.78429E-4
6700;0;0;1.4512E-5
6700;0;0;0.004681369
6700;44896698;22441650;0.025640346
6700;167522;112447;4.96996E-4
6700;0;0;1.4913E-5
6700;0;0;0.004736267
6700;44896698;22441650;0.0225362
6700;167522;112447;4.65972E-4
6800;11718729;11718729;0.011787678
6800;11718729;11718729;0.00459012
6800;46246798;23116600;0.023028512
6800;170406;114340;4.69927E-4
6800;0;0;1.4132E-5
6800;0;0;0.004710853
6800;46246798;23116600;0.026242655
6800;170406;114340;6.92916E-4
6800;0;0;3.9802E-5
6800;0;0;0.004911512
6800;46246798;23116600;0.025440311
6800;170406;114340;5.01111E-4
6800;0;0;1.5166E-5
6800;0;0;0.005101618
6800;46246798;23116600;0.024418396
6800;170406;114340;4.84982E-4
6800;0;0;1.471E-5
6800;0;0;0.0047372
6800;46246798;23116600;0.023099797
6800;170406;114340;5.3365E-4
6800;0;0;1.4103E-5
6800;0;0;0.00479084
6800;46246798;23116600;0.022795147
6800;170406;114340;4.78135E-4
6900;11887988;11887988;0.012151436
6900;11887988;11887988;0.004726753
6900;47616898;23801550;0.023455473
6900;173096;116281;4.77727E-4
6900;0;0;1.4324E-5
6900;0;0;0.004923601
6900;47616898;23801550;0.024008859
6900;173096;116281;4.79864E-4
6900;0;0;1.4314E-5
6900;0;0;0.004778182
6900;47616898;23801550;0.024121671
6900;173096;116281;4.78141E-4
6900;0;0;1.4698E-5
6900;0;0;0.004805703
6900;47616898;23801550;0.023544294
6900;173096;116281;4.75811E-4
6900;0;0;1.4307E-5
6900;0;0;0.005361237
6900;47616898;23801550;0.025959212
6900;173096;116281;4.92029E-4
6900;0;0;1.4912E-5
6900;0;0;0.00513233
6900;47616898;23801550;0.024896395
6900;173096;116281;5.60151E-4
7000;12229516;12229516;0.012530625
7000;12229516;12229516;0.005059417
7000;49006998;24496500;0.024300296
7000;175916;118258;4.90985E-4
7000;0;0;1.46E-5
7000;0;0;0.005058903
7000;49006998;24496500;0.02512651
7000;175916;118258;4.86967E-4
7000;0;0;1.4753E-5
7000;0;0;0.005388643
7000;49006998;24496500;0.024997766
7000;175916;118258;4.84994E-4
7000;0;0;1.469E-5
7000;0;0;0.00490771
7000;49006998;24496500;0.024318823
7000;175916;118258;4.85078E-4
7000;0;0;1.4526E-5
7000;0;0;0.004862066
7000;49006998;24496500;0.02426815
7000;175916;118258;5.55959E-4
7000;0;0;1.6459E-5
7000;0;0;0.0050109
7000;49006998;24496500;0.024382183
7000;175916;118258;4.85597E-4
7100;12704560;12704560;0.01287889
7100;12704560;12704560;0.005292565
7100;50417098;25201450;0.026759311
7100;178718;120229;5.08463E-4
7100;0;0;1.536E-5
7100;0;0;0.005610746
7100;50417098;25201450;0.028309877
7100;178718;120229;5.24353E-4
7100;0;0;1.5831E-5
7100;0;0;0.005447895
7100;50417098;25201450;0.025012615
7100;178718;120229;4.91968E-4
7100;0;0;1.4773E-5
7100;0;0;0.005178815
7100;50417098;25201450;0.025130261
7100;178718;120229;4.99234E-4
7100;0;0;1.4724E-5
7100;0;0;0.005175773
7100;50417098;25201450;0.02509739
7100;178718;120229;4.96381E-4
7100;0;0;1.4722E-5
7100;0;0;0.005221203
7100;50417098;25201450;0.02509544
7100;178718;120229;5.64756E-4
7200;12931638;12931638;0.012974417
7200;12931638;12931638;0.005332235
7200;51847198;25916400;0.025833745
7200;181306;122113;4.99084E-4
7200;0;0;1.4963E-5
7200;0;0;0.005375005
7200;51847198;25916400;0.026015659
7200;181306;122113;4.99042E-4
7200;0;0;1.4974E-5
7200;0;0;0.005326533
7200;51847198;25916400;0.027397601
7200;181306;122113;5.4354E-4
7200;0;0;1.6715E-5
7200;0;0;0.006110527
7200;51847198;25916400;0.027611465
7200;181306;122113;5.27809E-4
7200;0;0;1.5132E-5
7200;0;0;0.005143112
7200;51847198;25916400;0.026313023
7200;181306;122113;5.2902E-4
7200;0;0;1.4996E-5
7200;0;0;0.005144677
7200;51847198;25916400;0.026464277
7200;181306;122113;5.15011E-4
7300;13244783;13244783;0.014661403
7300;13244783;13244783;0.005656568
7300;53297298;26641350;0.028278291
7300;183932;123820;5.22527E-4
7300;0;0;1.5814E-5
7300;0;0;0.005764923
7300;53297298;26641350;0.028077744
7300;183932;123820;6.17002E-4
7300;0;0;1.7355E-5
7300;0;0;0.005805133
7300;53297298;26641350;0.028323112
7300;183932;123820;5.22797E-4
7300;0;0;1.5758E-5
7300;0;0;0.005841678
7300;53297298;26641350;0.028493603
7300;183932;123820;5.7603E-4
7300;0;0;1.7343E-5
7300;0;0;0.005822779
7300;53297298;26641350;0.027929841
7300;183932;123820;5.94339E-4
7300;0;0;2.3574E-5
7300;0;0;0.005960283
7300;53297298;26641350;0.027651242
7300;183932;123820;6.41124E-4
7400;13676335;13676335;0.014618344
7400;13676335;13676335;0.005851592
7400;54767398;27376300;0.029812205
7400;186794;125807;5.7883E-4
7400;0;0;1.6483E-5
7400;0;0;0.006160938
7400;54767398;27376300;0.033323869
7400;186794;125807;6.23911E-4
7400;0;0;1.8839E-5
7400;0;0;0.006144248
7400;54767398;27376300;0.028989277
7400;186794;125807;5.28538E-4
7400;0;0;1.6263E-5
7400;0;0;0.005928721
7400;54767398;27376300;0.028585462
7400;186794;125807;5.8565E-4
7400;0;0;1.7556E-5
7400;0;0;0.005912001
7400;54767398;27376300;0.029218226
7400;186794;125807;5.83628E-4
7400;0;0;1.7549E-5
7400;0;0;0.00613707
7400;54767398;27376300;0.028532975
7400;186794;125807;5.34863E-4
7500;14146170;14146170;0.015019491
7500;14146170;14146170;0.006326044
7500;56257498;28121250;0.02997617
7500;189458;127641;5.20256E-4
7500;0;0;1.577E-5
7500;0;0;0.005998208
7500;56257498;28121250;0.030223875
7500;189458;127641;5.38127E-4
7500;0;0;1.6291E-5
7500;0;0;0.005870055
7500;56257498;28121250;0.033430356
7500;189458;127641;5.62029E-4
7500;0;0;1.677E-5
7500;0;0;0.006399643
7500;56257498;28121250;0.03281041
7500;189458;127641;5.88796E-4
7500;0;0;1.6739E-5
7500;0;0;0.006497703
7500;56257498;28121250;0.031569754
7500;189458;127641;5.78021E-4
7500;0;0;1.8216E-5
7500;0;0;0.006014685
7500;56257498;28121250;0.030147587
7500;189458;127641;5.36755E-4
7600;14388185;14388185;0.01595094
7600;14388185;14388185;0.006144677
7600;57767598;28876200;0.02990012
7600;191996;129484;5.46089E-4
7600;0;0;1.635E-5
7600;0;0;0.006117727
7600;57767598;28876200;0.030065204
7600;191996;129484;5.44368E-4
7600;0;0;1.6546E-5
7600;0;0;0.006168557
7600;57767598;28876200;0.030503682
7600;191996;129484;5.44364E-4
7600;0;0;1.641E-5
7600;0;0;0.006154991
7600;57767598;28876200;0.031116891
7600;191996;129484;5.60002E-4
7600;0;0;1.8219E-5
7600;0;0;0.006420817
7600;57767598;28876200;0.030240134
7600;191996;129484;5.69437E-4
7600;0;0;9.0471E-5
7600;0;0;0.006208405
7600;57767598;28876200;0.031490188
7600;191996;129484;5.49773E-4
7700;14875201;14875201;0.015240757
7700;14875201;14875201;0.006058567
7700;59297698;29641150;0.029734321
7700;195016;131712;5.37028E-4
7700;0;0;1.606E-5
7700;0;0;0.006060821
7700;59297698;29641150;0.029949538
7700;195016;131712;5.3622E-4
7700;0;0;1.6003E-5
7700;0;0;0.006153262
7700;59297698;29641150;0.029382046
7700;195016;131712;6.2415E-4
7700;0;0;1.8141E-5
7700;0;0;0.006148173
7700;59297698;29641150;0.031841377
7700;195016;131712;5.54382E-4
7700;0;0;1.6628E-5
7700;0;0;0.00697099
7700;59297698;29641150;0.032205458
7700;195016;131712;5.92851E-4
7700;0;0;1.683E-5
7700;0;0;0.006363597
7700;59297698;29641150;0.031606717
7700;195016;131712;5.70447E-4
7800;15004665;15004665;0.016413298
7800;15004665;15004665;0.006730977
7800;60847798;30416100;0.03305163
7800;197658;133558;5.76572E-4
7800;0;0;1.7349E-5
7800;0;0;0.006822152
7800;60847798;30416100;0.033573655
7800;197658;133558;6.24846E-4
7800;0;0;1.8499E-5
7800;0;0;0.006504912
7800;60847798;30416100;0.033191017
7800;197658;133558;6.23646E-4
7800;0;0;1.8498E-5
7800;0;0;0.006637305
7800;60847798;30416100;0.032231028
7800;197658;133558;6.56305E-4
7800;0;0;1.8506E-5
7800;0;0;0.006375621
7800;60847798;30416100;0.032838296
7800;197658;133558;6.00621E-4
7800;0;0;1.8553E-5
7800;0;0;0.00648367
7800;60847798;30416100;0.032193621
7800;197658;133558;5.92978E-4
7900;15347630;15347630;0.016481214
7900;15347630;15347630;0.006854672
7900;62417898;31201050;0.033306712
7900;200508;135616;6.09607E-4
7900;0;0;1.7039E-5
7900;0;0;0.006559503
7900;62417898;31201050;0.034150978
7900;200508;135616;6.24308E-4
7900;0;0;1.8864E-5
7900;0;0;0.006926873
7900;62417898;31201050;0.032844616
7900;200508;135616;6.26839E-4
7900;0;0;1.7047E-5
7900;0;0;0.006492194
7900;62417898;31201050;0.032792812
7900;200508;135616;5.79292E-4
7900;0;0;1.7104E-5
7900;0;0;0.006921423
7900;62417898;31201050;0.032184926
7900;200508;135616;5.68377E-4
7900;0;0;1.7041E-5
7900;0;0;0.006656585
7900;62417898;31201050;0.033082364
7900;200508;135616;5.69842E-4
8000;15969725;15969725;0.016918858
8000;15969725;15969725;0.007250193
8000;64007998;31996000;0.032822094
8000;203054;137507;5.73659E-4
8000;0;0;1.7238E-5
8000;0;0;0.006611271
8000;64007998;31996000;0.031760645
8000;203054;137507;5.63845E-4
8000;0;0;1.6653E-5
8000;0;0;0.006392752
8000;64007998;31996000;0.032436218
8000;203054;137507;5.57906E-4
8000;0;0;1.6565E-5
8000;0;0;0.006445088
8000;64007998;31996000;0.031550318
8000;203054;137507;6.34342E-4
8000;0;0;1.9259E-5
8000;0;0;0.007015716
8000;64007998;31996000;0.032852223
8000;203054;137507;5.75583E-4
8000;0;0;1.7254E-5
8000;0;0;0.006585546
8000;64007998;31996000;0.033524517
8000;203054;137507;6.08315E-4
8100;16448209;16448209;0.017042934
8100;16448209;16448209;0.0068127
8100;65618098;32800950;0.032147507
8100;205766;139546;5.66557E-4
8100;0;0;1.6817E-5
8100;0;0;0.006514182
8100;65618098;32800950;0.033076217
8100;205766;139546;5.75968E-4
8100;0;0;1.6822E-5
8100;0;0;0.006747231
8100;65618098;32800950;0.034455992
8100;205766;139546;5.7738E-4
8100;0;0;1.7526E-5
8100;0;0;0.007029761
8100;65618098;32800950;0.035152039
8100;205766;139546;5.86568E-4
8100;0;0;1.7479E-5
8100;0;0;0.006961505
8100;65618098;32800950;0.034292469
8100;205766;139546;6.00738E-4
8100;0;0;1.8041E-5
8100;0;0;0.007130976
8100;65618098;32800950;0.033578286
8100;205766;139546;5.89674E-4
8200;16795804;16795804;0.016969311
8200;16795804;16795804;0.00702832
8200;67248198;33615900;0.036442636
8200;208632;141684;5.90229E-4
8200;0;0;1.7751E-5
8200;0;0;0.006800261
8200;67248198;33615900;0.033743932
8200;208632;141684;5.76711E-4
8200;0;0;1.699E-5
8200;0;0;0.006982447
8200;67248198;33615900;0.034987436
8200;208632;141684;6.57469E-4
8200;0;0;1.9327E-5
8200;0;0;0.00716019
8200;67248198;33615900;0.035472332
8200;208632;141684;5.89663E-4
8200;0;0;1.7823E-5
8200;0;0;0.007291233
8200;67248198;33615900;0.036794608
8200;208632;141684;6.00494E-4
8200;0;0;1.7688E-5
8200;0;0;0.007348939
8200;67248198;33615900;0.035734966
8200;208632;141684;6.76013E-4
8300;17408001;17408001;0.019566749
8300;17408001;17408001;0.007749276
8300;68898298;34440850;0.036942557
8300;211340;143256;5.98908E-4
8300;0;0;1.7939E-5
8300;0;0;0.007267643
8300;68898298;34440850;0.035593848
8300;211340;143256;6.58981E-4
8300;0;0;1.9932E-5
8300;0;0;0.007380129
8300;68898298;34440850;0.036121117
8300;211340;143256;5.98395E-4
8300;0;0;1.7856E-5
8300;0;0;0.00741353
8300;68898298;34440850;0.036326482
8300;211340;143256;6.06958E-4
8300;0;0;1.7383E-5
8300;0;0;0.007090419
8300;68898298;34440850;0.034405203
8300;211340;143256;5.8189E-4
8300;0;0;1.7319E-5
8300;0;0;0.007085107
8300;68898298;34440850;0.036889233
8300;211340;143256;6.73479E-4
8400;17604000;17604000;0.019024342
8400;17604000;17604000;0.007684304
8400;70568398;35275800;0.037581527
8400;214630;145302;6.86275E-4
8400;0;0;1.9975E-5
8400;0;0;0.00799657
8400;70568398;35275800;0.037198158
8400;214630;145302;6.52088E-4
8400;0;0;1.8088E-5
8400;0;0;0.007509838
8400;70568398;35275800;0.036902205
8400;214630;145302;6.06309E-4
8400;0;0;1.8129E-5
8400;0;0;0.00763429
8400;70568398;35275800;0.037436609
8400;214630;145302;6.07967E-4
8400;0;0;1.8193E-5
8400;0;0;0.007711562
8400;70568398;35275800;0.035753714
8400;214630;145302;6.1419E-4
8400;0;0;1.7578E-5
8400;0;0;0.007271253
8400;70568398;35275800;0.035748004
8400;214630;145302;6.09007E-4
8500;17849284;17849284;0.020043278
8500;17849284;17849284;0.007715151
8500;72258498;36120750;0.038749107
8500;217032;146721;8.09907E-4
8500;0;0;2.0228E-5
8500;0;0;0.007885108
8500;72258498;36120750;0.038374766
8500;217032;146721;5.96228E-4
8500;0;0;1.7781E-5
8500;0;0;0.007800985
8500;72258498;36120750;0.038584393
8500;217032;146721;6.22155E-4
8500;0;0;1.8403E-5
8500;0;0;0.007863623
8500;72258498;36120750;0.037937032
8500;217032;146721;6.67326E-4
8500;0;0;2.4058E-5
8500;0;0;0.007538185
8500;72258498;36120750;0.038386395
8500;217032;146721;6.13886E-4
8500;0;0;1.8328E-5
8500;0;0;0.007774597
8500;72258498;36120750;0.037943552
8500;217032;146721;6.79367E-4
8600;18506737;18506737;0.019855123
8600;18506737;18506737;0.007863791
8600;73968598;36975700;0.039247222
8600;220262;148787;6.48194E-4
8600;0;0;1.8546E-5
8600;0;0;0.008036048
8600;73968598;36975700;0.039938913
8600;220262;148787;7.30982E-4
8600;0;0;2.017E-5
8600;0;0;0.007852225
8600;73968598;36975700;0.037849654
8600;220262;148787;6.45308E-4
8600;0;0;1.916E-5
8600;0;0;0.007878442
8600;73968598;36975700;0.038485463
8600;220262;148787;6.03169E-4
8600;0;0;1.8229E-5
8600;0;0;0.007855079
8600;73968598;36975700;0.038172713
8600;220262;148787;6.647E-4
8600;0;0;1.8533E-5
8600;0;0;0.007680944
8600;73968598;36975700;0.038742772
8600;220262;148787;6.08721E-4
8700;19058511;19058511;0.020241101
8700;19058511;19058511;0.00813527
8700;75698698;37840650;0.038644163
8700;223212;150784;8.39533E-4
8700;0;0;2.0619E-5
8700;0;0;0.007820566
8700;75698698;37840650;0.039967643
8700;223212;150784;6.33193E-4
8700;0;0;1.8805E-5
8700;0;0;0.008167147
8700;75698698;37840650;0.038936385
8700;223212;150784;6.30384E-4
8700;0;0;1.8735E-5
8700;0;0;0.007964011
8700;75698698;37840650;0.038332035
8700;223212;150784;7.38564E-4
8700;0;0;2.4194E-5
8700;0;0;0.00785692
8700;75698698;37840650;0.039578592
8700;223212;150784;6.43212E-4
8700;0;0;2.0601E-5
8700;0;0;0.00808394
8700;75698698;37840650;0.038270515
8700;223212;150784;6.13339E-4
8800;19284714;19284714;0.019863204
8800;19284714;19284714;0.007999054
8800;77448798;38715600;0.038174112
8800;225708;152203;6.21388E-4
8800;0;0;1.8322E-5
8800;0;0;0.007730616
8800;77448798;38715600;0.039861423
8800;225708;152203;6.20979E-4
8800;0;0;1.8449E-5
8800;0;0;0.007861717
8800;77448798;38715600;0.038150953
8800;225708;152203;6.27078E-4
8800;0;0;1.8339E-5
8800;0;0;0.007725038
8800;77448798;38715600;0.038046391
8800;225708;152203;6.21491E-4
8800;0;0;1.8251E-5
8800;0;0;0.007891458
8800;77448798;38715600;0.037932179
8800;225708;152203;6.21063E-4
8800;0;0;1.8272E-5
8800;0;0;0.007892409
8800;77448798;38715600;0.038822607
8800;225708;152203;6.22648E-4
8900;19851805;19851805;0.020682832
8900;19851805;19851805;0.008203097
8900;79218898;39600550;0.041796139
8900;228880;154224;6.4769E-4
8900;0;0;1.9265E-5
8900;0;0;0.008620018
8900;79218898;39600550;0.042679562
8900;228880;154224;6.79919E-4
8900;0;0;2.9256E-5
8900;0;0;0.008558886
8900;79218898;39600550;0.040803582
8900;228880;154224;7.05313E-4
8900;0;0;3.4762E-5
8900;0;0;0.008137795
8900;79218898;39600550;0.041131009
8900;228880;154224;7.52979E-4
8900;0;0;2.9109E-5
8900;0;0;0.0082096
8900;79218898;39600550;0.041324808
8900;228880;154224;7.72795E-4
8900;0;0;2.1139E-5
8900;0;0;0.008941653
8900;79218898;39600550;0.041148396
8900;228880;154224;6.36276E-4
9000;20384820;20384820;0.021693174
9000;20384820;20384820;0.008720469
9000;81008998;40495500;0.042694408
9000;231820;156122;6.53971E-4
9000;0;0;1.9394E-5
9000;0;0;0.008940395
9000;81008998;40495500;0.041500147
9000;231820;156122;7.26791E-4
9000;0;0;2.1402E-5
9000;0;0;0.008651014
9000;81008998;40495500;0.041922755
9000;231820;156122;6.55603E-4
9000;0;0;1.8835E-5
9000;0;0;0.008479972
9000;81008998;40495500;0.042078281
9000;231820;156122;6.47803E-4
9000;0;0;1.9252E-5
9000;0;0;0.008504079
9000;81008998;40495500;0.041909165
9000;231820;156122;6.56856E-4
9000;0;0;1.9389E-5
9000;0;0;0.008666821
9000;81008998;40495500;0.042639748
9000;231820;156122;6.79471E-4
9100;20714821;20714821;0.021995435
9100;20714821;20714821;0.008794068
9100;82819098;41400450;0.042894801
9100;234704;158089;6.70257E-4
9100;0;0;1.9641E-5
9100;0;0;0.009331496
9100;82819098;41400450;0.0431701
9100;234704;158089;7.18131E-4
9100;0;0;2.1789E-5
9100;0;0;0.008743314
9100;82819098;41400450;0.043082624
9100;234704;158089;6.62911E-4
9100;0;0;1.9608E-5
9100;0;0;0.008920054
9100;82819098;41400450;0.044062619
9100;234704;158089;6.63978E-4
9100;0;0;1.9619E-5
9100;0;0;0.008920121
9100;82819098;41400450;0.041906399
9100;234704;158089;6.434E-4
9100;0;0;1.9035E-5
9100;0;0;0.008470123
9100;82819098;41400450;0.040913111
9100;234704;158089;6.44291E-4
9200;21038873;21038873;0.02119467
9200;21038873;21038873;0.008776733
9200;84649198;42315400;0.041835542
9200;237294;159762;6.48176E-4
9200;0;0;1.9118E-5
9200;0;0;0.008581349
9200;84649198;42315400;0.045110345
9200;237294;159762;6.69482E-4
9200;0;0;1.9819E-5
9200;0;0;0.00926321
9200;84649198;42315400;0.04538688
9200;237294;159762;7.89673E-4
9200;0;0;1.9813E-5
9200;0;0;0.010202618
9200;84649198;42315400;0.045031201
9200;237294;159762;6.99865E-4
9200;0;0;1.9232E-5
9200;0;0;0.009034024
9200;84649198;42315400;0.044349886
9200;237294;159762;7.37651E-4
9200;0;0;2.1856E-5
9200;0;0;0.0092143
9200;84649198;42315400;0.044183444
9200;237294;159762;7.45355E-4
9300;21374188;21374188;0.022510524
9300;21374188;21374188;0.009482114
9300;86499298;43240350;0.045344879
9300;240298;161674;6.58261E-4
9300;0;0;1.9438E-5
9300;0;0;0.009467758
9300;86499298;43240350;0.045213005
9300;240298;161674;8.12693E-4
9300;0;0;2.2024E-5
9300;0;0;0.009595523
9300;86499298;43240350;0.045181155
9300;240298;161674;6.78084E-4
9300;0;0;2.0045E-5
9300;0;0;0.009452459
9300;86499298;43240350;0.045888288
9300;240298;161674;6.76999E-4
9300;0;0;2.0009E-5
9300;0;0;0.009026278
9300;86499298;43240350;0.046848837
9300;240298;161674;7.0437E-4
9300;0;0;2.0045E-5
9300;0;0;0.009350584
9300;86499298;43240350;0.043912794
9300;240298;161674;6.80456E-4
9400;22262262;22262262;0.023608479
9400;22262262;22262262;0.009426415
9400;88369398;44175300;0.046755346
9400;243162;163491;6.87469E-4
9400;0;0;2.022E-5
9400;0;0;0.009878916
9400;88369398;44175300;0.045504877
9400;243162;163491;7.58207E-4
9400;0;0;4.0206E-5
9400;0;0;0.009539901
9400;88369398;44175300;0.046125967
9400;243162;163491;7.53008E-4
9400;0;0;2.1007E-5
9400;0;0;0.009305518
9400;88369398;44175300;0.045315405
9400;243162;163491;6.96904E-4
9400;0;0;2.0892E-5
9400;0;0;0.009401822
9400;88369398;44175300;0.046650195
9400;243162;163491;7.08748E-4
9400;0;0;2.0248E-5
9400;0;0;0.00950443
9400;88369398;44175300;0.046438757
9400;243162;163491;7.25788E-4
9500;22284867;22284867;0.024022679
9500;22284867;22284867;0.010205449
9500;90259498;45120250;0.047401875
9500;246144;165492;8.25922E-4
9500;0;0;2.2532E-5
9500;0;0;0.010220195
9500;90259498;45120250;0.047453774
9500;246144;165492;7.36894E-4
9500;0;0;2.0404E-5
9500;0;0;0.009680407
9500;90259498;45120250;0.047626197
9500;246144;165492;7.19993E-4
9500;0;0;2.1129E-5
9500;0;0;0.009751771
9500;90259498;45120250;0.048239002
9500;246144;165492;8.5771E-4
9500;0;0;2.2578E-5
9500;0;0;0.009764127
9500;90259498;45120250;0.04833773
9500;246144;165492;7.23541E-4
9500;0;0;2.1094E-5
9500;0;0;0.009743074
9500;90259498;45120250;0.047911371
9500;246144;165492;7.22681E-4
9600;22922003;22922003;0.025336133
9600;22922003;22922003;0.010163763
9600;92169598;46075200;0.048240992
9600;249308;167586;7.01094E-4
9600;0;0;2.065E-5
9600;0;0;0.010353755
9600;92169598;46075200;0.049123858
9600;249308;167586;7.25545E-4
9600;0;0;2.0684E-5
9600;0;0;0.009843278
9600;92169598;46075200;0.049319319
9600;249308;167586;8.04417E-4
9600;0;0;2.2845E-5
9600;0;0;0.009744758
9600;92169598;46075200;0.047956576
9600;249308;167586;8.38342E-4
9600;0;0;2.2787E-5
9600;0;0;0.010280961
9600;92169598;46075200;0.049313745
9600;249308;167586;6.81005E-4
9600;0;0;2.0089E-5
9600;0;0;0.009701044
9600;92169598;46075200;0.049017274
9600;249308;167586;7.71833E-4
9700;23545976;23545976;0.026464671
9700;23545976;23545976;0.011400063
9700;94099698;47040150;0.049004032
9700;251986;169401;7.10667E-4
9700;0;0;2.0882E-5
9700;0;0;0.010457459
9700;94099698;47040150;0.04864118
9700;251986;169401;7.48334E-4
9700;0;0;2.0808E-5
9700;0;0;0.009959615
9700;94099698;47040150;0.049605266
9700;251986;169401;7.10359E-4
9700;0;0;2.0878E-5
9700;0;0;0.010407994
9700;94099698;47040150;0.049242652
9700;251986;169401;7.07996E-4
9700;0;0;2.0757E-5
9700;0;0;0.00998895
9700;94099698;47040150;0.048843205
9700;251986;169401;7.10057E-4
9700;0;0;2.0768E-5
9700;0;0;0.010160968
9700;94099698;47040150;0.048647625
9700;251986;169401;7.10434E-4
9800;24063271;24063271;0.025728109
9800;24063271;24063271;0.010623904
9800;96049798;48015100;0.051476281
9800;254948;171313;7.17025E-4
9800;0;0;2.1323E-5
9800;0;0;0.010079598
9800;96049798;48015100;0.049361032
9800;254948;171313;7.65542E-4
9800;0;0;2.052E-5
9800;0;0;0.010265922
9800;96049798;48015100;0.047597013
9800;254948;171313;6.98201E-4
9800;0;0;2.0368E-5
9800;0;0;0.00965105
9800;96049798;48015100;0.04746983
9800;254948;171313;8.10081E-4
9800;0;0;2.3167E-5
9800;0;0;0.009655479
9800;96049798;48015100;0.050220212
9800;254948;171313;8.42961E-4
9800;0;0;2.1286E-5
9800;0;0;0.013907707
9800;96049798;48015100;0.053604797
9800;254948;171313;8.55225E-4
9900;24389229;24389229;0.025830694
9900;24389229;24389229;0.010805203
9900;98019898;49000050;0.051000223
9900;257686;173096;7.79867E-4
9900;0;0;2.1342E-5
9900;0;0;0.010853807
9900;98019898;49000050;0.052073197
9900;257686;173096;0.001006003
9900;0;0;2.1323E-5
9900;0;0;0.011167184
9900;98019898;49000050;0.050885182
9900;257686;173096;7.86777E-4
9900;0;0;2.3594E-5
9900;0;0;0.010510177
9900;98019898;49000050;0.051349196
9900;257686;173096;7.45973E-4
9900;0;0;2.1981E-5
9900;0;0;0.010578729
9900;98019898;49000050;0.050836109
9900;257686;173096;7.25173E-4
9900;0;0;2.1218E-5
9900;0;0;0.01080549
9900;98019898;49000050;0.052371455
9900;257686;173096;7.47257E-4
10000;25167296;25167296;0.026828059
10000;25167296;25167296;0.010763627
10000;100009998;49995000;0.051923367
10000;260758;175211;8.02292E-4
10000;0;0;2.3745E-5
10000;0;0;0.010737787
10000;100009998;49995000;0.051747113
10000;260758;175211;7.32492E-4
10000;0;0;2.1461E-5
10000;0;0;0.010787351
10000;100009998;49995000;0.052106159
10000;260758;175211;7.3274E-4
10000;0;0;2.1519E-5
10000;0;0;0.010757402
10000;100009998;49995000;0.052074562
10000;260758;175211;7.12251E-4
10000;0;0;2.0909E-5
10000;0;0;0.010278289
10000;100009998;49995000;0.050203655
10000;260758;175211;7.11704E-4
10000;0;0;2.0907E-5
10000;0;0;0.010178964
10000;100009998;49995000;0.050806394
10000;260758;175211;7.64758E-4
