100;2483;2483;0.124525100;2483;2483;0.112287100;10098;4950;0.420841100;1282;793;0.128668
100;0;0;0.004182100;0;0;0.106229100;10098;4950;0.343543100;1282;793;0.021782
200;9742;9742;0.460393200;9742;9742;0.410544200;40198;19900;0.145417200;2968;1884;0.037398
200;0;0;0.007217200;0;0;0.409928200;40198;19900;0.146621200;2968;1884;0.036131
300;22987;22987;1.075157300;22987;22987;0.80498300;90298;44850;0.326416300;4790;3055;0.111689
300;0;0;0.012462300;0;0;0.172192300;90298;44850;0.370407300;4790;3055;0.06071
400;39855;39855;1.526155400;39855;39855;0.244491400;160398;79800;0.523296400;6712;4322;0.076364
400;0;0;0.00264400;0;0;0.272278400;160398;79800;0.742857400;6712;4322;0.074765
500;63408;63408;0.260476500;63408;63408;0.356223500;250498;124750;1.113913500;8632;5673;0.095704
500;0;0;0.002891500;0;0;0.372021500;250498;124750;1.13015500;8632;5673;0.09534
600;93913;93913;0.358581600;93913;93913;0.2043600;360598;179700;1.600897600;10762;6981;0.120559
600;0;0;0.00342600;0;0;0.113816600;360598;179700;1.72826600;10762;6981;0.117561
700;122186;122186;0.436377700;122186;122186;0.119915700;490698;244650;2.358866700;12908;8398;0.13858
700;0;0;0.003866700;0;0;0.119275700;490698;244650;2.358614700;12908;8398;0.138003
800;169198;169198;0.311391800;169198;169198;0.137874800;640798;319600;0.303811800;15052;9860;0.159429
800;0;0;0.004379800;0;0;0.137045800;640798;319600;0.285751800;15052;9860;0.160067
900;212522;212522;0.321384900;212522;212522;0.156464900;810898;404550;0.369365900;17198;11337;0.18056
900;0;0;0.004891900;0;0;0.15621900;810898;404550;0.359325900;17198;11337;0.180691
1000;253151;253151;0.346611000;253151;253151;0.176691000;1000998;499500;0.4705941000;19368;12870;0.202294
1000;0;0;0.0024161000;0;0;0.1849781000;1000998;499500;0.4410871000;19368;12870;0.203091
1100;303596;303596;0.3098151100;303596;303596;0.2045461100;1211098;604450;0.5353731100;21648;14299;0.224042
1100;0;0;0.0023981100;0;0;0.2035421100;1211098;604450;0.549071100;21648;14299;0.224725
1200;352978;352978;0.3480461200;352978;352978;0.2326591200;1441198;719400;0.6359781200;23952;15748;0.246305
1200;0;0;0.0027641200;0;0;0.2407861200;1441198;719400;0.6288741200;23952;15748;0.253207
1300;415212;415212;0.4236241300;415212;415212;0.2822281300;1691298;844350;0.7661571300;26346;17352;0.278043
1300;0;0;0.0028571300;0;0;0.2708461300;1691298;844350;0.758471300;26346;17352;0.277899
1400;500087;500087;0.5055741400;500087;500087;0.2191681400;1961398;979300;0.8844271400;28682;18880;0.30084
1400;0;0;0.0032961400;0;0;0.2187591400;1961398;979300;0.8780891400;28682;18880;0.300512
1500;570350;570350;0.5751761500;570350;570350;0.248841500;2251498;1124250;1.0090651500;31090;20533;0.324387
1500;0;0;0.0035141500;0;0;0.2493051500;2251498;1124250;1.057681500;31090;20533;0.31507
1600;633378;633378;0.6177151600;633378;633378;0.274081600;2561598;1279200;1.3652531600;33412;22111;0.200398
1600;0;0;0.0036381600;0;0;0.2852631600;2561598;1279200;1.3355591600;33412;22111;0.208799
1700;705653;705653;0.7171451700;705653;705653;0.3227441700;2891698;1444150;1.4589021700;35756;23682;0.211025
1700;0;0;0.0037011700;0;0;0.2991261700;2891698;1444150;1.5171361700;35756;23682;0.218265
1800;795882;795882;0.7732281800;795882;795882;0.3451141800;3241798;1619100;1.7272691800;38042;25264;0.223213
1800;0;0;0.0039011800;0;0;0.3343761800;3241798;1619100;1.6515051800;38042;25264;0.222761
1900;912415;912415;0.8585321900;912415;912415;0.3711871900;3611898;1804050;1.8155131900;40392;26939;0.235289
1900;0;0;0.0041171900;0;0;0.371341900;3611898;1804050;1.8123611900;40392;26939;0.234779
2000;1012851;1012851;0.9516282000;1012851;1012851;0.4104652000;4001998;1999000;2.0257052000;42744;28601;0.247553
2000;0;0;0.004332000;0;0;0.4108922000;4001998;1999000;2.0033882000;42744;28601;0.294348
2100;1100411;1100411;1.0337172100;1100411;1100411;0.4512012100;4412098;2203950;2.2046112100;45230;30270;0.202257
2100;0;0;0.0046982100;0;0;0.4871822100;4412098;2203950;2.2048312100;45230;30270;0.14928
2200;1225401;1225401;1.1491932200;1225401;1225401;0.4943562200;4842198;2418900;2.4181922200;47728;31801;0.156248
2200;0;0;0.0047412200;0;0;0.4947932200;4842198;2418900;2.415042200;47728;31801;0.154259
2300;1313849;1313849;1.2300762300;1313849;1313849;0.5400232300;5292298;2643850;2.6393612300;50408;33517;0.163587
2300;0;0;0.004622300;0;0;0.5428662300;5292298;2643850;2.6353092300;50408;33517;0.161179
2400;1463883;1463883;1.3679352400;1463883;1463883;0.5865982400;5762398;2878800;2.8686452400;52946;35132;0.17238
2400;0;0;0.0051292400;0;0;0.6301832400;5762398;2878800;2.8674792400;52946;35132;0.169754
2500;1531865;1531865;1.4322912500;1531865;1531865;0.6359272500;6252498;3123750;3.1585092500;55492;36828;0.17755
2500;0;0;0.0053452500;0;0;0.6352042500;6252498;3123750;3.1066932500;55492;36828;0.178525
2600;1674198;1674198;1.6322922600;1674198;1674198;0.6865912600;6762598;3378700;3.4138082600;57954;38498;0.1845
2600;0;0;0.0057012600;0;0;0.724882600;6762598;3378700;3.5092142600;57954;38498;0.218617
2700;1777950;1777950;1.8832552700;1777950;1777950;0.7620762700;7292698;3643650;3.7572492700;60500;40152;0.199424
2700;0;0;0.0059922700;0;0;0.7737192700;7292698;3643650;3.713482700;60500;40152;0.409094
2800;1931951;1931951;1.9177582800;1931951;1931951;0.8437092800;7842798;3918600;4.1635272800;63102;41883;0.206323
2800;0;0;0.0062362800;0;0;0.8620972800;7842798;3918600;3.9788212800;63102;41883;0.24461
2900;2098285;2098285;1.9978582900;2098285;2098285;0.8516632900;8412898;4203550;4.1646912900;65708;43628;0.236986
2900;0;0;0.0062152900;0;0;0.8715922900;8412898;4203550;4.1567892900;65708;43628;0.231253
3000;2262456;2262456;2.1043213000;2262456;2262456;0.9488863000;9002998;4498500;4.5182083000;68160;45356;0.291128
3000;0;0;0.006823000;0;0;0.9538633000;9002998;4498500;4.6235283000;68160;45356;0.245772
3100;2391257;2391257;2.4126793100;2391257;2391257;0.9694163100;9613098;4803450;4.8657193100;70718;47154;0.208755
3100;0;0;0.0065933100;0;0;0.9695993100;9613098;4803450;4.7829893100;70718;47154;0.207843
3200;2537457;2537457;2.4104523200;2537457;2537457;1.0357493200;10243198;5118400;5.0932173200;73316;48869;0.212743
3200;0;0;0.0067673200;0;0;1.0691973200;10243198;5118400;5.0813333200;73316;48869;0.248286
3300;2720441;2720441;2.6055773300;2720441;2720441;1.1296133300;10893298;5443350;5.4855693300;75812;50499;0.243082
3300;0;0;0.0069993300;0;0;1.0972543300;10893298;5443350;5.4312973300;75812;50499;0.221371
3400;2947545;2947545;2.736013400;2947545;2947545;1.162933400;11563398;5778300;5.8116253400;78464;52322;0.228486
3400;0;0;0.0072233400;0;0;1.1628353400;11563398;5778300;6.0464353400;78464;52322;0.258619
3500;3041676;3041676;3.4746183500;3041676;3041676;1.2891823500;12253498;6123250;8.2701493500;81008;54122;0.244164
3500;0;0;0.0079153500;0;0;1.2913463500;12253498;6123250;6.8826523500;81008;54122;0.286701
3600;3205724;3205724;3.3532633600;3205724;3205724;1.4853893600;12963598;6478200;7.0520123600;83592;55949;0.255314
3600;0;0;0.0082483600;0;0;1.3839013600;12963598;6478200;6.5767893600;83592;55949;0.238861
3700;3442823;3442823;3.6985583700;3442823;3442823;1.4418553700;13693698;6843150;7.1876573700;86020;57583;0.254235
3700;0;0;0.0079363700;0;0;1.6079793700;13693698;6843150;7.7300363700;86020;57583;0.262917
3800;3613303;3613303;3.5565363800;3613303;3613303;1.540923800;14443798;7218100;7.5633263800;88610;59359;0.261024
3800;0;0;0.0084013800;0;0;1.5296193800;14443798;7218100;7.4401033800;88610;59359;0.273472
3900;3804692;3804692;3.6293413900;3804692;3804692;1.5715783900;15213898;7603050;7.6599423900;91126;61239;0.261847
3900;0;0;0.0085573900;0;0;1.5853923900;15213898;7603050;7.8111883900;91126;61239;0.261402
4000;4018903;4018903;3.7422554000;4018903;4018903;1.6041054000;16003998;7998000;7.8891894000;93774;63136;0.269719
4000;0;0;0.0078644000;0;0;1.6035484000;16003998;7998000;7.9094844000;93774;63136;0.267733
4100;4262341;4262341;3.9443424100;4262341;4262341;1.6833434100;16814098;8402950;8.2936554100;96270;65112;0.287615
4100;0;0;0.008064100;0;0;1.6834394100;16814098;8402950;8.2367384100;96270;65112;0.274785
4200;4347852;4347852;4.14294200;4347852;4347852;1.8452934200;17644198;8817900;8.7610894200;99028;66682;0.290702
4200;0;0;0.008864200;0;0;1.7678254200;17644198;8817900;8.6813864200;99028;66682;0.29066
4300;4619769;4619769;4.2742934300;4619769;4619769;1.8948414300;18494298;9242850;9.6513554300;101662;68269;0.299904
4300;0;0;0.0096474300;0;0;1.9750434300;18494298;9242850;9.7560844300;101662;68269;0.299956
4400;4872655;4872655;4.7938744400;4872655;4872655;2.164054400;19364398;9677800;9.8925264400;104476;70070;0.296003
4400;0;0;0.0094114400;0;0;1.9369644400;19364398;9677800;10.0292914400;104476;70070;0.319055
4500;5012223;5012223;4.8435284500;5012223;5012223;2.8209144500;20254498;10122750;13.7546094500;107282;71873;0.304326
4500;0;0;0.0095164500;0;0;2.204024500;20254498;10122750;10.8318334500;107282;71873;0.303201
4600;5285858;5285858;5.0854154600;5285858;5285858;2.1147074600;21164598;10577700;10.5245484600;109988;73696;0.313738
4600;0;0;0.0096964600;0;0;2.2879934600;21164598;10577700;10.6249484600;109988;73696;0.310121
4700;5560707;5560707;5.4922744700;5560707;5560707;2.2055734700;22094698;11042650;11.1411084700;112670;75400;0.363626
4700;0;0;0.0112064700;0;0;2.2721144700;22094698;11042650;11.0253024700;112670;75400;0.321202
4800;5697198;5697198;6.0372984800;5697198;5697198;2.4584024800;23044798;11517600;13.973554800;115538;77221;0.372643
4800;0;0;0.0120054800;0;0;3.520654800;23044798;11517600;13.4764844800;115538;77221;0.349019
4900;5950535;5950535;8.378524900;5950535;5950535;3.3554064900;24014898;12002550;15.647994900;118190;78943;0.343356
4900;0;0;0.0107014900;0;0;2.5576334900;24014898;12002550;14.438744900;118190;78943;0.357227
5000;6253141;6253141;6.2209525000;6253141;6253141;3.4029875000;25004998;12497500;13.3189535000;120944;80793;0.413479
5000;0;0;0.0111915000;0;0;3.3126595000;25004998;12497500;13.9445535000;120944;80793;0.537247
5100;6489974;6489974;7.623195100;6489974;6489974;2.802165100;26015098;13002450;15.7983595100;123858;82910;0.36773
5100;0;0;0.0115135100;0;0;2.8153435100;26015098;13002450;14.6398845100;123858;82910;0.368341
5200;6778501;6778501;7.4363075200;6778501;6778501;3.0361055200;27045198;13517400;14.7082865200;126442;84479;0.367989
5200;0;0;0.0114425200;0;0;3.0034495200;27045198;13517400;14.5890165200;126442;84479;0.380013
5300;6919404;6919404;7.1074925300;6919404;6919404;3.1729965300;28095298;14042350;15.6152045300;129256;86281;0.415362
5300;0;0;0.012675300;0;0;3.5849465300;28095298;14042350;16.8097025300;129256;86281;0.406557
5400;7400691;7400691;7.3870395400;7400691;7400691;3.1028295400;29165398;14577300;15.7803715400;132044;88200;0.381785
5400;0;0;0.0117545400;0;0;3.3933225400;29165398;14577300;16.0600585400;132044;88200;0.450429
5500;7583014;7583014;7.649185500;7583014;7583014;3.1054055500;30255498;15122250;16.1382675500;134786;90086;0.39936
5500;0;0;0.0111385500;0;0;3.2707385500;30255498;15122250;16.3562395500;134786;90086;0.470948
5600;7840363;7840363;8.1376165600;7840363;7840363;3.4115355600;31365598;15677200;17.0173585600;137510;91928;0.409071
5600;0;0;0.0126245600;0;0;3.7804355600;31365598;15677200;16.9499535600;137510;91928;0.435555
5700;8089884;8089884;8.1143965700;8089884;8089884;3.3585595700;32495698;16242150;17.3360335700;140206;93742;0.404092
5700;0;0;0.0123865700;0;0;3.6764445700;32495698;16242150;17.1761175700;140206;93742;0.405199
5800;8309395;8309395;8.2595315800;8309395;8309395;3.5810665800;33645798;16817100;18.7574195800;143040;95625;0.522841
5800;0;0;0.0155255800;0;0;3.7288125800;33645798;16817100;18.3261545800;143040;95625;0.437433
5900;8740845;8740845;8.613785900;8740845;8740845;4.0171975900;34815898;17402050;19.028715900;145766;97564;0.462626
5900;0;0;0.0143265900;0;0;3.632745900;34815898;17402050;18.2952295900;145766;97564;0.419766
6000;8994966;8994966;9.5676626000;8994966;8994966;3.6929766000;36005998;17997000;18.7155256000;148504;99527;0.414426
6000;0;0;0.0129286000;0;0;3.6346586000;36005998;17997000;19.1605096000;148504;99527;0.470859
6100;9295682;9295682;9.1591116100;9295682;9295682;3.8671496100;37216098;18601950;19.6410556100;151336;101559;0.481309
6100;0;0;0.012996100;0;0;3.9250336100;37216098;18601950;19.5384436100;151336;101559;0.430863
6200;9579002;9579002;9.2444536200;9579002;9579002;4.0697216200;38446198;19216900;19.6497836200;154018;103391;0.446594
6200;0;0;0.0130436200;0;0;4.0018446200;38446198;19216900;20.2062366200;154018;103391;0.491305
6300;9851808;9851808;9.6807726300;9851808;9851808;4.0315596300;39696298;19841850;20.1750976300;156768;105156;0.469891
6300;0;0;0.0132576300;0;0;3.9974616300;39696298;19841850;20.0456126300;156768;105156;0.450121
6400;10305278;10305278;9.7576556400;10305278;10305278;4.2236066400;40966398;20476800;20.6330616400;159334;106843;0.442334
6400;0;0;0.013486400;0;0;4.3123626400;40966398;20476800;20.5805036400;159334;106843;0.454236
6500;10580215;10580215;10.1435226500;10580215;10580215;4.349716500;42256498;21121750;21.3488346500;162240;108805;0.453367
6500;0;0;0.0136816500;0;0;4.1949666500;42256498;21121750;21.4692126500;162240;108805;0.449647
6600;10740145;10740145;10.2135686600;10740145;10740145;4.553986600;43566598;21776700;22.3534016600;164866;110562;0.497029
6600;0;0;0.0140946600;0;0;4.6196586600;43566598;21776700;22.9782496600;164866;110562;0.486316
6700;11326935;11326935;11.2360366700;11326935;11326935;4.6406586700;44896698;22441650;23.5249526700;167480;112320;0.49482
6700;0;0;0.0146586700;0;0;4.6204366700;44896698;22441650;23.2221386700;167480;112320;0.584448
6800;11699058;11699058;11.214626800;11699058;11699058;4.7271876800;46246798;23116600;23.8083056800;170406;114360;0.472141
6800;0;0;0.0133696800;0;0;4.6964856800;46246798;23116600;23.8000216800;170406;114360;0.474611
6900;12153258;12153258;11.3442036900;12153258;12153258;5.16176900;47616898;23801550;25.3406686900;173168;116286;0.495602
6900;0;0;0.015216900;0;0;5.0880286900;47616898;23801550;25.9183296900;173168;116286;0.509704
7000;12165998;12165998;12.4236277000;12165998;12165998;5.3190097000;49006998;24496500;26.1927637000;175886;118186;0.553739
7000;0;0;0.0167377000;0;0;5.1527977000;49006998;24496500;26.9035357000;175886;118186;0.513906
7100;12480514;12480514;12.2584227100;12480514;12480514;6.4093597100;50417098;25201450;26.1576457100;178462;119986;0.574105
7100;0;0;0.01857100;0;0;5.5184797100;50417098;25201450;26.1234667100;178462;119986;0.622892
7200;12925679;12925679;16.8706127200;12925679;12925679;6.0353467200;51847198;25916400;33.6145697200;181334;122137;0.538577
7200;0;0;0.0162697200;0;0;5.7101537200;51847198;25916400;28.1539597200;181334;122137;0.535751
7300;13264920;13264920;13.5106097300;13264920;13264920;7.0874147300;53297298;26641350;35.6626277300;183868;123812;0.546221
7300;0;0;0.0160757300;0;0;6.0953687300;53297298;26641350;27.9689797300;183868;123812;0.706645
7400;13606789;13606789;13.3244017400;13606789;13606789;5.987867400;54767398;27376300;30.3325317400;186722;125761;0.601071
7400;0;0;0.0176897400;0;0;6.2228197400;54767398;27376300;29.5868417400;186722;125761;0.584331
7500;14224292;14224292;14.4668867500;14224292;14224292;6.6565317500;56257498;28121250;32.6656627500;189490;127696;0.58154
7500;0;0;0.0277857500;0;0;7.184597500;56257498;28121250;33.2836687500;189490;127696;0.593987
7600;14509547;14509547;15.4026167600;14509547;14509547;6.3246837600;57767598;28876200;32.4029247600;192110;129526;0.604072
7600;0;0;0.0181257600;0;0;6.8660137600;57767598;28876200;31.0236857600;192110;129526;0.677282
7700;14717811;14717811;15.6482387700;14717811;14717811;6.8522237700;59297698;29641150;31.9770087700;195088;131794;0.55157
7700;0;0;0.0167137700;0;0;6.1977977700;59297698;29641150;31.7831237700;195088;131794;0.643573
7800;15351895;15351895;15.5329347800;15351895;15351895;6.8542857800;60847798;30416100;32.9252897800;197722;133622;0.580595
7800;0;0;0.0186147800;0;0;6.7162817800;60847798;30416100;32.3705227800;197722;133622;0.581494
7900;15518464;15518464;15.4566557900;15518464;15518464;6.4859367900;62417898;31201050;33.1015717900;200368;135527;0.571947
7900;0;0;0.0171687900;0;0;6.9582157900;62417898;31201050;32.5862647900;200368;135527;0.548364
8000;16129158;16129158;15.9350698000;16129158;16129158;6.5722678000;64007998;31996000;34.9744978000;203178;137526;0.57653
8000;0;0;0.0173458000;0;0;6.6917898000;64007998;31996000;34.4290848000;203178;137526;0.57618
8100;16202093;16202093;16.0057548100;16202093;16202093;7.1057028100;65618098;32800950;33.2474758100;205754;139548;0.564051
8100;0;0;0.0158768100;0;0;6.7203868100;65618098;32800950;32.5634038100;205754;139548;0.562102
8200;16795488;16795488;15.9083868200;16795488;16795488;6.9003748200;67248198;33615900;33.5186388200;208608;141700;0.617524
8200;0;0;0.0172718200;0;0;6.6847868200;67248198;33615900;33.041268200;208608;141700;0.574928
8300;17225679;17225679;16.1723148300;17225679;17225679;6.9673468300;68898298;34440850;34.1049758300;211474;143361;0.653382
8300;0;0;0.0174388300;0;0;7.0549318300;68898298;34440850;34.3988128300;211474;143361;0.5773
8400;17443928;17443928;16.2800188400;17443928;17443928;7.2212528400;70568398;35275800;34.9811628400;214346;145130;0.588847
8400;0;0;0.0176078400;0;0;7.1661158400;70568398;35275800;34.9594468400;214346;145130;0.634025
8500;18071739;18071739;16.9332428500;18071739;18071739;7.3008248500;72258498;36120750;36.1086178500;217100;146681;0.597902
8500;0;0;0.0179328500;0;0;7.3515058500;72258498;36120750;35.5458248500;217100;146681;0.612246
8600;18661967;18661967;17.5708018600;18661967;18661967;8.4485138600;73968598;36975700;36.2464478600;220334;148882;0.613595
8600;0;0;0.0179828600;0;0;7.4017448600;73968598;36975700;36.1807078600;220334;148882;0.609162
8700;19072134;19072134;17.8686578700;19072134;19072134;7.7105338700;75698698;37840650;37.1422658700;223048;150678;0.653844
8700;0;0;0.0182878700;0;0;7.6159128700;75698698;37840650;37.2265988700;223048;150678;0.609923
8800;19537328;19537328;18.1518328800;19537328;19537328;7.8123028800;77448798;38715600;38.687818800;225950;152342;0.620892
8800;0;0;0.0185168800;0;0;7.7805898800;77448798;38715600;38.1219468800;225950;152342;0.623742
8900;19509254;19509254;18.187648900;19509254;19509254;7.9175288900;79218898;39600550;38.8656538900;228832;154222;0.624196
8900;0;0;0.017268900;0;0;7.9630418900;79218898;39600550;38.8751518900;228832;154222;0.626205
9000;20398467;20398467;19.1797469000;20398467;20398467;8.0728449000;81008998;40495500;39.7098069000;231872;156219;0.655959
9000;0;0;0.0187939000;0;0;8.1712719000;81008998;40495500;39.8193399000;231872;156219;0.628935
9100;20590300;20590300;19.147279100;20590300;20590300;8.2356219100;82819098;41400450;40.6369289100;234490;157899;0.659181
9100;0;0;0.0190689100;0;0;8.2549339100;82819098;41400450;41.9253339100;234490;157899;0.644718
9200;21050439;21050439;21.0536029200;21050439;21050439;9.405159200;84649198;42315400;41.6611579200;237650;160021;0.703094
9200;0;0;0.0194439200;0;0;8.9575299200;84649198;42315400;41.4815679200;237650;160021;0.644409
9300;21643689;21643689;20.2584539300;21643689;21643689;9.0300989300;86499298;43240350;42.2954689300;240622;161917;0.704627
9300;0;0;0.019469300;0;0;8.6570499300;86499298;43240350;42.6902059300;240622;161917;0.739735
9400;22306563;22306563;20.731099400;22306563;22306563;8.9286529400;88369398;44175300;43.4482759400;243538;163843;0.681036
9400;0;0;0.0195749400;0;0;9.070989400;88369398;44175300;43.7213659400;243538;163843;0.670566
9500;22515507;22515507;20.9165919500;22515507;22515507;8.9735629500;90259498;45120250;45.3386969500;246130;165460;0.675092
9500;0;0;0.0200129500;0;0;9.4434419500;90259498;45120250;44.2198199500;246130;165460;0.668022
9600;23066098;23066098;21.369439600;23066098;23066098;9.2363779600;92169598;46075200;45.6232129600;249142;167428;0.67773
9600;0;0;0.0201429600;0;0;9.5581449600;92169598;46075200;45.2212759600;249142;167428;0.677688
9700;23461309;23461309;21.7781039700;23461309;23461309;9.4090549700;94099698;47040150;46.1527419700;252140;169477;0.682521
9700;0;0;0.0202069700;0;0;9.5216379700;94099698;47040150;46.4321229700;252140;169477;0.682852
9800;24046686;24046686;22.3715239800;24046686;24046686;9.5588429800;96049798;48015100;47.2231499800;255136;171524;0.698509
9800;0;0;0.0204369800;0;0;9.8062789800;96049798;48015100;47.1170279800;255136;171524;0.720484
9900;24490408;24490408;22.7206069900;24490408;24490408;10.4946099900;98019898;49000050;48.1910939900;258098;173414;0.726626
9900;0;0;0.0206079900;0;0;9.7778919900;98019898;49000050;48.1761959900;258098;173414;0.700406
10000;25281280;25281280;23.81593310000;25281280;25281280;10.83967110000;100009998;49995000;48.89354110000;260892;175311;0.713873
10000;0;0;0.02098510000;0;0;10.80571110000;100009998;49995000;49.27978210000;260892;175311;0.720302
